$ANSIBLE_VAULT;1.1;AES256
36643533313334356534366533303161343162666334346466376332383536353764353036373836
3065623339656338626665343162303065613138326431370a353265616264346337343537346333
61623061303939636236303733646435303061626461666538653532303265613238326638306362
3532656663353564370a643830356337623238313035366633666539393232326463363238373564
65386332373166393832623032656232343535363865303839656334323665326333666665633264
33323134366238613138326632386133323732636337336237393462306139663566366161376633
34643533336134386462343131373730363164613139376462626233393638373933356134616637
61633032663835323737303535373532656235656464626339643332326430336264313236626335
30343963663331646365373066373466646332313663633735653437666137326366616163646138
61623934383939636134643566383565376132656563616465383537376266373066393232376232
39373363613331386365653439366162353633316536373236353636633538363532613639666265
61653665646331616435326135383430333037333039363134373833656231363264346630343366
36616263623230373664353363626630666166653339346432396564656563386564363438323932
36636632633636663933613536303763363733303432623238633234353665363262323266633062
66343333646635626630343734613030373636373834623166333337656435313434383832623730
32663039666531333437356362616631353062353338633734633832623764636539383563623762
6236
