$ANSIBLE_VAULT;1.1;AES256
33643864353738333036393563363466643239343264646366363633376664666136626537353636
3264363836383631613262353363396363643163333161620a306238383432303763633039393636
62636330373161346563326462643166313830393234303465363863643433656533636164376563
6433373339333162330a633636663338386165313862363766363139646364663831633161373938
39383233396135623438633830363863616532336137346465356234373339393333356166353262
37333231313234303335386162353835336238336433383466303834303037616137633766303366
39636162633466323032666434623839363630323762393064653030396538613836623966373233
65633837386638633863386434643934346634346165356530333662396466613732626464356462
32383066666335653937653163343466373330613535336463333336303762646635376464383464
34366565363963326661366566616266363739636661663337666532326138643037383766333438
37373361336137356137393230326361326434386631393063386236613939366538336332373236
36633230653761303062306131666336633236366231643034613731646662316564396162636266
63313561323666376536613638666564643461316138353164643832336632353364343235303863
65663962663433303039633430336161663930646362326538343435326330643638393461646661
34623036323634386566356564656436353866383561386161353539346461663362373134333630
35663432356434376534366231666234383132376236633538336162353039336631353631333438
30383838653966353830393131313334353632356332393830363834373561663035333935616238
30336530663337323936666466396538366366326237323361366332663730316130636337623638
30326339633132353438346363316333363035383264383866333062373632633661663233636664
39373833393131313831383262303566396361613364333439313930656335326331376136643365
35663839316337373735393532333665343731396539623330383835646133623437383531343930
35373732643934343730383337333562363861306636633661303061343135333463646430363463
32343236376136653832386635363339353238346639303539613530393263666533333264376436
34613334336438626134346563326564383435383632633932303836623564313237643762303639
36653135333438666633326637383137653161666535386333366630313833376133663666316633
64613034666432613330376664616630363032363739623161303061663839383335636134626333
39373339626366356636386234393131393534393637306364626534373234663436616237303139
31323430383039633963316265363430636164373030643037353235306439303531336564363763
35633537613263306630613662623762613831363233326638666230333433333233373163306530
38393161373732363338636535363330393364623933313265343935646437316562666261393261
39336431306234383230623739666564623339643833336133323933353139363463626464323634
61376437373636303361336430643236383335306262623264363138383763326638373066343265
65386663306436646435643534346339643338393836306563623837646635656261333364306665
32333963653038326637626136383462643961396463373030363664633266353335346631616662
31323764373262636632376533626634613264663865643536366535353562666363323339653039
63616266646133346337373139353735326537623764353033623533376632303437646165323333
35653165393935373039323161613037363836343439323334393962666230626535323635356636
34366537653566666662373365636639643234393361353431646562383766663236616163336432
39663962666133333832626264323563303161626630656461353133663831326331316637313134
35623765386630393135393335356336663961303639343633323238343933316635316231613930
31626438376166666636623337656136343937396562343535393630333865653039386630653964
35386430643635363834626130386535633239323432326530646437666563356632633530313533
33366133343830323966613831356238623363303539393434363832376238393762356438386138
35343139323061313835623332373863353234386231333037643430376336373366376566303961
61633936336261623261316632376263356434643332663638376661663835343630366332643836
39333035303361353332356230346536343464663232343636633330373137363939386337666239
31303437666166363735633663383636303038363065373962386664373762303635633837306439
61646234666565356264623730306439666639653032626533643064613662376463323962383436
65353962623939633234653862656133393761613561613862616339393137353230
