$ANSIBLE_VAULT;1.1;AES256
66353534396530313537393633653736346334646365386534376430663132316263363731353032
3264613634376630346263306436303136333261623936390a623331646235653739626433333339
37353834383031316232643861636365663133323862306163323330666266336634656365353136
6435616431333733650a616236323536333266383039623235313837333439323339636664626362
64633738313765383735666333306564643430613130626231386433343634646131656132356366
65336432323962653237386265303036333661346534373239343333383164336139326438343965
38646562396430626531623365316135633634333532396432373834353838383863316534646264
64653133373166313830363362633062643833643064343231623163336435626261383634396262
66326338663835623335356333396665383762353530383535363161386466363133363864373438
35643333643136363034396134636536306130643066613930373731343339386637376634623130
64303130373036336638376231303533353261663365383635383932306334376264333133306139
65346536613063396437653864303435343038393262666135633836303962306538653232366239
38303736366136323265363433633936336334633533313762323466626131313861656339303338
62346665613937326131376338336330663234643335386439643435343438326638646339633534
34336437656364393132636162343436313031653630613438343837623130393432333238336634
66653230376239323635366439316430356533363763383235306565616462396435373363636666
38623236323066613638313837633165386639616339393730333537303461386136623464393934
34393437336464663735356337653039653961323635326639353331336439323437333236373238
62393036663764396130626539616232383432383162346162306234373431383336633832613339
35366335343537353839643663356264613831653838623561313238626639623561313435363464
64623535366139313263373263343763303637366336653533633730623738353236386463623730
30386239333361336162353564346531316237393661363933356331656430613136323432373736
38653633646535333462616263316431356334353937363836626130353964313333353965343766
33326230313466313430346535346436313263623262303636323366353534356362323431663233
65613432356635666139663733323862313136653238656466373538306639646136373834333331
65616235396262623235626437336134393762613162363132653665643435313862363530373035
32643739623866663430313433636666363136613637633138643834666430623233666433653637
64326564616538386437626366616265646437643138316137323963366338636436343435336139
66313835363461636263373762393236303261323530626335393535653639656466303632306533
30663065663335306164363738633531373362303633633433626239383561383435356635316139
62653263393465623036353839366135356663386664613634633737303531313138623834393838
34616663333232636361383864393636333639393961653034383736633039323663383939656236
33336366343133336436393533363637373239356436303730663533653464623361323031346537
31666331336237303135663464383666636163366537643430303135383536653431666531366638
33343261303434666331333134656439613434366436636632366437346364633163346163356638
37333234303363393163323061386139643163623234633538663361623438373334383030353262
66396262643734623331643431666463306130353966303532646163366363336139363736333130
65353131313862343039363265333432326265636561353364313833663234663330643533353639
39633264363939653766313034343333353736643932353539306665383761316465646665323634
39336438353938636662306461633838626531626165343431643462653538633434643230373837
64336439323062356364656665636533353631313561323231356539616232633937383765303063
32653531306161643637656334323265643030363463363163316539303437396161646631633634
36343739316233336636353265666535343233396439346261393966303932383561393035613631
65333463613834346438326666636330646338373830323030633432626163336333323237666436
63323366363638313133333931326534386239336364393561356538646634396437363534643932
37386366306632373635333733343763633434653136616162363536333633303038366133363230
30353637666237373932383134383733643465633238393965653033636437623066653166396539
64316636623636333136396663366433336233663864373836353966393833303962333162633630
66393765653539366464376266623638623534303936643466326465383961303634373436303966
39346666623964383164346339303936353563646637373039393866313234303761663164633134
34383536633438353834343637616134346431653339666130633338383766333865646665623730
65396565663636383462666331346232666636356536333635363336343633356134353637626365
34643064383762336564666163343632373731356632373330636331643064363761386166346263
63393032613733333132396233326535336332396661343838623131656462343064363363336533
61393131306537333635613830353835613463323165353939376538336137323530316532656338
34613162343462306439366539316532326161303034346539343765653530626632663537663365
65356635663730643537313464306531646639326161616536373532353431323363306136633261
37343231303066393366383030636130356538653162666661623337343035646465393535613835
306536393734313635366565323463303132
