$ANSIBLE_VAULT;1.1;AES256
39616532303563326533306532666262376431373263386537343334396662623763366634623766
6464363163303366326236633430636236663661323866630a643435623064646163383236396362
64333235623363303937323063616362376361353535616636613363613933323432316337336661
3139656334396431370a393866633936653232383863393964343233383232613135383136613666
36386638333532616664363635363762306531646631636663323736666663646235376432383761
65643363636563633733376139393437323234396536373561363937333630386262363532313730
61323935663366343537343737343561616335326232626635383163653638353766626537356535
37336364663639393034326162616563623563373861306636343538666335316134333531653139
38353538623239633062323033623464356136316638633631333063633032613637646564396431
37633539623235613530643661646230613261383963323862356466663063383836356139363235
64356362373037396233383934613166333235643934623064383732653533646163313033353738
62383235326665653733366662646664373065343534633335386561376534393634653762633931
36333130326431373336383265323135633866376133656233623430323436343431383931643264
39386565643930663633396337653136316136613732653834303565626362653236333935306633
34353862613437616236616263343238396561303534623036323961653635663565346664373032
35316236306465396663333461616463316237303165653239306338623337376564636633383138
32663863636261353834343264653036666162663533383363303938346332643766346137636530
35313732616235393333316235303636386465653434633534636233326232313734303463306139
39366435383531393864656566323839333838663337396336343561646133663135633030316131
63303838623962323162616465376138363331326539383765373061323234643964613637373565
61663763636330313062653633333862373834303338366336616565326338313139613766393631
38623565623532306434383366373261633737353066396631646165333035306534646630346264
63343266316233396362373234646532633534356666373335633033353137663035663935316565
35643031393662376232393239306462326337636335333064633331316231363662326332323330
36373239353731333962616139343937333265343663353665623537336362363833326361323431
31626530616330313930366332353238393937353062343435323065663165353963393231323661
61653865303731333865353531316236656435653637396434663838363538386336386366633434
63316534636661356332633634626265383562633631313233343431333630626230393133656232
35623365613261373262313963663830366534396639653030313066336536656162333333396431
64306635303536313034316664613738646439326536353363646561643639613635326366653131
34613537663536353932346630386336633239633538633366653763353661333331613530373165
35343635663465303130333439626137356631383030333130303865616137643561323263616535
61643230663166656165313630376434333532623631343930636634623538353465366563626565
35333034623337376330366464363664656363363633646565623564303334316464626535656664
30306362353330343737326461633234366231386135343564316539633432643632353933356562
61623063643565333661376364316634653162353461313332303861333761316262346466353861
64343238326363663339386463383135386134336438336134326262613266646533653866636631
37346164623632663766316336653035666332386332316238653537326532306632333436376334
61376134663362643139306563376533353064393335663638376663396131353339303739376664
30376531363939373338323034646332633363313937616564636261633735373633366432306137
61393565396630396234313463643334326439316164316338663437313364346662316561666133
34343435623431653063646231393564386664393131336439326539363437623963313035616662
66653334336537303733393337376139613063366261396334653165353232383131633434623161
30323136373833353436366264623632343033366436343339656634626236643961373863646464
35343039623438663864636336663135363030336662366564386332333964336234613031393735
32386232656237663234623062356235663730643835333733633662306335333166353634393564
63356563313632326163356561353965626432636163313566643836306264373164366330633336
32313131633335323834343562303332323532323362336565323762643938343930633734336234
30363736353638373466616230623830336431373439343264653337636432393764393333373536
65643132373830306536383031623832366430313763363836323139313332316432303066373737
34343632663861316535393265616266336263306431646163653834633138326461396463636235
65316566633334393963366232656565643861353733363031323934336633333236333939346632
30333837316561613938373630366462343662616133313033393039313561633630353165316464
30613236306163366139636438326164613465396466343533636339333130656134613531653836
38656333363138633037343539303433383733326365383234316132313331376232663635613063
33346465363032313531616232376362663064323438383835613939333162346336303432353839
37616162376263666261306139633333613838316263616430643334643965396538323964346265
37356163653334386130326636643865666538376531353938663934356663663162373630373034
35346465373634626632333933613331326264333637646632656237373364323933636631386237
61633164623662633038316235366439626566663464313961383733623861393866653066396165
31316363613366343663616638666263376130333864663265623833633563336230383863646363
31313836626436633562323663643661633132336263353831343830633431623539633539393130
30303839306261326364373437633836363966623066633764613633623633316235613530656662
61313033393138653631393738353130323132346561656137626261376335666334316439616631
36653332356231666333323531666263656537663632363533636437353036306630313933303837
61333731663966373935376635663632393638353565366539616162626337313235646137336462
61663631643666653130353966633034663861343733366566393661366638613232613038616530
62326430666563633764633562323966303438326431613037326631306363616562653037386462
61663137306364313535626365396534313762643834653066616533343032393034643039663665
31323230666435396230663564616463346535623664326262323135323262356461373537643937
33613930356162363536626361393134636438646166643866336234396338333834343735353364
35383365343833326435363035333466363836376233613039646663646435386537656262333330
36333032666630336137633635373130323238646530653763343166623737356630613961623066
38663665313061393430613336306565626166396232633937626233333932623935346130396632
30333561366534356364383664613162626436393233323933383032323166653435356139343337
32663862656561373237313432616439393261346664333539353961663137363634623030336135
3239
