$ANSIBLE_VAULT;1.1;AES256
63663638653034653138386533396334303035343430653133623864333961666562373733373563
3431303662393963316465643763333464343866333435390a653038366533626234623162666165
30346534663566323438306264616563663063633131373931636566323838656265376561396562
3463646539373566370a326532613066613266616666646261326262353739353836313165643966
64393661376163376338393463623831346666633533366132316438306663393063316163623766
35323033633663386437313531353533393831316363343831326137373437633032393466353439
66333762343262353937373833613839396662616633643565353564633339323439356537363066
30343833396465396564653163613934303431336534386366353431313261373961393633393565
33633833326335643536306237643166626533376135383234363835313538366563366235613763
64353961616436646333333530323064353837353439366163613734376439356563343262616235
38653166393039333565656163656565646263663933346230376364383436613037323132303661
38656136356165363232
