$ANSIBLE_VAULT;1.1;AES256
35653166653136396437323739396635393465323364373363366135393864386138653636386331
3961326634663837653466623131663562393462636564640a343261373262643964313332646130
36373939363436386661323037626338313164626663323163303239623337303135656637306233
3232353539326562650a333338333339646533333362663738393438313737623332356331313038
64626534616238646364306666666166336130633336363262336335316238303663343063356332
30383061303831666666656232363063393065353063393636393164646335303262343031616534
63346462613863613564333039623735343032323964343030313332623835636138653236393530
36363661646134663962396537323662613139363666393562393535383862383837373262623339
65613363666663623739663031353433613136623138663033626534343932656532346632366137
39623539636233383363336435626431666139653132366666376665373134336561376362326438
64636565656666353066336135383931393065323763396631383438623130343961366539343337
30316663386563323731333731306564323731396264303336306234613030343865643264666635
31336432663833303362363866663137376135643163306566393466303132386261386230633132
6135393663336232633538613561623139656235343331373939
