$ANSIBLE_VAULT;1.1;AES256
30326365396231336530383132633132616535643361326630383731663933333364346133333136
3235656138613665616130636165616363353835326131340a336432663066346630653531386231
39633265383463333565303739383365313030366531633434353465343031656330333239656436
3637636262623332620a616134396531356635316438373665313733626333623838333739376662
65363132633339386432653765353634616533373063646164343665383736323830393234646130
36616666313262306462323163376135373933326466646330613664643137636431626164356334
62623163666263306665363937396331346638633132616565316361663935393366646331623436
63663763333030363435656232623336353665633663666239316664623839633131396637353334
32383563376335343938613532626333663831396533313532663039323032636536636534393537
36346639613236636566653231313535656461386439646630633033353031653435306331346538
653232666566356131383538643030613239
