$ANSIBLE_VAULT;1.1;AES256
33353932336233376664333435663663363264343932613032343231393031656261386138396165
3630643234653937313362373337633934343937326635380a316433666561653434393336626131
30613036393733313133363931313264636134396331306338336164343436323562363630396265
3164646364306664390a326137643036343464373664656661636434636633333537393466323536
30356130363963373232326231393938306638393632656334633136633566393233376433356638
61336466653531343739306632343064306539323866653730323837353536613334653935633166
35633938323235396362646264346164613334623866616339616130383533333835373433376235
33353661326234313438383162623732636337326563373237306661333333643962393831306662
31663761633931626238616239376131353535366665663365326537326133666263353033316262
38666437346130323261623136373834653166633637343163343361336435386431396665316634
65396138333437393238666231356262313139366632396166636663306538626631633165343332
63653030343438623564626666356263373533346139326235313262323337633864323938636365
38636232376164343364373335633961356431326461626132323762303366636539386665633366
63623239613130376630313865336666393230306332653164336431306339333639373338383037
64306631373332633732303065343533626435643864356531383261343563313536623834633235
32623765393330653537353961383938623466623939616635323439326531663864626533343866
61626632643533306238646438376336343032636438663231636630633463306230383836373661
30333037656536613230316436663961383831356231353139303836333737333134623962363431
31653538626564316161393235363338333838363164343334393063313139663265393161646534
62346536643030316464383738653962323137633130636662316662323934366130633966366261
34356665363736336636336134383039343634633231306465616163623437396664383437663031
66616630383062373030613761353735626662373839373561386363326136323239626364633063
64383165333863613034623832653337313632613862333432653765666330333561633837323932
31636665303262643432303638663630353861303737383063316432613432396233663537643831
33336338346630323930333765313936616334646136663931383264633334303836393537393465
61353333326666353335383633646465653334613134646666613839666566613963626339336237
66353964623064346231663737363430656234366361336361396231396662623437613635626530
62366234383363343364353231396534623434383061303662646333336535363764643130336238
37363434396264663431376163326263396665313434333263313762383437356639383765323337
65656236353937623834653430616162666366616662616636653032653531613937643364323863
32363834323336386266313762313539613136313862653535313161643438353665333935636436
61613931376236626232646136643066386164336265383762386236353332656465313961326564
33313630323239613463326430383533336435396266333566386663663064346162373933316135
38306463386633323835666533633365656533613263653265366662656135626666373735373630
38636331616239356666336138323366623564333766666661303035323037386437373332313138
36366130353530623664316637376437313431636233323735356134666236623865376538376235
32356363643564653665323131646366646366386537386638376232303363616161363965313162
61313034383264653364303638656636343962356263363064643430633965373734393830373166
63643063393965326138613135643762306561666137633932663730333237353965353732666464
33383636303632336539623333306337316636393465316439323666376332646665376337313132
31393837353263663731663563313165313336313438383737623535376163373762333837356366
65313562643566383236353139303330666639396562326133363563613965633864393732353930
63656333356139343662346633376536633338633961346439313864656535306432646339343764
31303235653562393764636661666130633664373263333232393366313466383436366662386235
37633663303161363063343237643036313033653366343763623762663433356431383433623561
34396330333066363238653563346436663765333133396636666134626434613162366637343866
30613766616636356562346163626661616134613533613436326137373761666637663761623936
35633366613365363630386635303434636665663433663761373239326639366464356363653136
30306263666463623366326463373463363862323235346335303231373238666235633831616564
33303232393963336166303330643231346365336264376336633030353165393866623464616138
33383262643233666465636232616431393465363661363231343033623162653636633635393862
38336162343531303236656566346233643363393837663132383738346566643466373336663930
62363932346363623730373432313031663739323562643166336162623935633436656162666365
37323563313136333664356663366538666335366336346135313232363930326237633434373837
33653034626462633964303132613839613564373035313065376532376361623531623539323066
35393166383935393836396434353931656430313265343930383431316535653530646235613533
30656135303166326166353962333064633763633761653633343864623132303135353737363335
30623336616431363638366339376437363630626238373631393763366330346436313765653530
34313039623061613965353739633936613632346362343438306264663836666338346264323733
33363061343133613966653235303261616537376265316264393436333966346634373363616665
32313365313163316536373838383966656266313961643161323132623638313935313135356164
39303434386264323862366332333366633566636631316530396362343530336139376338306463
33363533633031623231386231326538356338643337363439626665326161316165616539386130
61636139386334303165656238633034646233353339376466616435366538656634316637363733
32373136636637386134633163613839396566383335373739306230633666363163336137376233
63613231613438326262626664313037306336336431356165333665313334346563613465643062
36353163613661333665346461666462366338386538626138383464653561356564613962373666
37623862333266613332623530346263353061356135386431366561663631663933383766376464
34313161663664383965663436633438396263383635386133323635666139386165306139333532
31313033306164663165363462666363623838376638653762343365653931656261396137346539
33623666363930353765613030623133386665313365313336613831663832373137323337643962
30653164386663366664363566313133636536323338313538303337346463303536316334663238
32333461353933333561626639373631363632396364323766326266323137396339353961316464
64623935643237636130386165306235663635313561316133663234333539343138643136313036
36373239346634313632353861313039623434343863346463363133643635306239323733666562
33646139343730613162613961343233366138386566316166353964646338396335626237623434
30396665353263663638376235336130666430363238643636616266366334396631663231373832
63353761626261346134323733303565386135653865626562353935316535613933323933623933
35333039616464333934316462633537356464363364313736363333356238363530636665633638
63663730646164636166636136306431626665336539636533383663306431663736316665626533
38663338393339656631653333616163386230356139376634383531316430636163373436663264
35336235396463336439376335343064316163313066626134613836373233656233616166333231
32653536396233626333386336393937613130306263396439316437346365643836313633306432
34626133373134376636346335646166383733663561316631663339623536373331393930313639
37373033303036633664363461306166323661393139633965376131646432383532346138313063
61366461653465653432353265623335396165356263643234636665643162613536373564323166
37396631646465393064313964623535396132646335396431643231663339653239303738643637
64313963326436646561393935353137643666336331333238336432346539366163633561303865
30663938313733666234373936333336326264623861343439643931626661303830313666393863
36356463363135346161316231323531323738656432623936663735353535316566333261393738
33353961653562326436636431323432343966323334303535393639393862366463386462356135
62636532653535663763323537643266306138346463623866333763653334343836326161303965
37336434633237336138346234633662333930396638303561623762303261393937373761646265
66646166353362383137633035323164366235663062333963343935653030303432643832336639
62373064336437636235376233383734393831366236666563306532306534363138663538336537
37356562366535306535316163393239636234623961323432366537633430356563383363303164
61613931663966646136643732303139623861396134653961613139373939613535343061383361
62313838343763643466383130363163353536636438353937306362306537636464656165306562
31353032306366626539386133336262613539313035303033633964393263376365356464316162
64366332323662356431383534363730363535366463666164373038303762323563663666363932
62313936326533383430386231616664363036643761386430636464386661613461366236313662
64313065393230376633643831643335333662346438616331393531613038613736643336386466
35393731326139653836633536663536633264336137373765366238323835303364373031313362
31383036343561636133616338663135393332666530356462626265653130316136336164656565
62313538323632353663356439326162396137653833386163306532623830613265663138313562
33313836303862343063333338383735303735363537393339636233653039343961653331376166
34343031393233386264373262653930393661363832343830323962653966633666366135303530
38306135343935613638383732323138386530633363386533373638336137333165313361626131
61646535643361343838613434353166323137613437623433326630373231653264633761373064
34663732336130376537616362343739613933653031306261623938373138363265323363316363
32653432396666653463616331626332383461316637383732303266633836376135303531353333
64363837363232356134633363333332386161613534616362623433373636363161636266366461
66643932383163363837643535333937333462616565633065613937303965333538656434306661
66393234336665373730616534633937623632663039653537306166386130313134613663633233
63333534393436643461353065373734363533303932386465376661393638373331343031646236
30623137346266646537303961363833333661333065363833386231653064396331343134353335
34386139326635363337376233306162356437373636663432383036656538336536633539643931
63393639323033326338646432333062393031653636613134613639323937383730343332656435
39623132353930623434623736663135323763613734313433393631633462343064623466636434
36333132653161663366633239306465373131623837336438653632356362626235363333623731
62653266353537363562653934646234646262626330373530373031326339313539306336636461
30333861333337386139373633353965383966396535303261306661306131306163643935333937
64393465626339353438663363396138323161613837336333323338656261386330623837373330
36663639333634663865336635663330323061626332346163373630363062383365643761323436
38656137613038383766646639363233613535303037363766343061333566343664303963356366
66313365366238613139613334353934643134353531363965613165376163383031333862616162
65633064633638623063646431613461336464666638313063306664653937363662343635313838
61363566613634613639646363303065353133613133656665313137316131626566353235396130
34336130383365323339636666643039323530323838353333356234646238373266663036616639
66323664316165663630303237343462376336666435303633333662383433306662623937343564
31643034303536633730313763383539613434386235663635366137383538373931383437366135
65373935363263306665616462613165313561363238666363373731616464393762623230383864
66636132333864313535323363636232373463616666383539613438613231656634643230303336
38313265376465653232663463636631396537626663356632356536353638623435393535383339
39343135663336396461656537313139316530616361613438346131346132333036393539633361
64643062393364383262643166643534653765303039653934353337376538343734613132303963
39666330663935343839646636626330376336373039383963613566343135323831313838353831
66663164623062306531313337653262323136343836613736303566323838373633363830613862
33633262626631343530623763666330336366376263336330646165653661633333373863343436
61626330353932346266646166623830326331353234333133636234306434333363656334313765
34343231363934333434306639343863303062653036373536393863383863343566386461613436
37393930383039663134346437343135623166303735353866626366313138383037656435666231
32616362373663313030373563346361653338393531303863336165393934306532316332396133
31653635633132376334653065626630363564333166363164333838396633303539346365303735
37643263376331613937363865643266366462336239613864653833643163326561323562313031
37333537633464653136343461313662303034333838303233623935316138643462666266393030
61633534656661636530633637653065376239336636633136333165313638643631383935376561
64316430363539383764656665656234643639656362376531383038613166323933353864346362
31646431313265633538633735363662666532323133373965613534356534613337383739386666
30613133336261663264663663366461656639323731646466373934613965316530316230313130
38663861363263383565356163326337353832663865666338376438316532363361306432303537
34376466646661663235393836366636313262396461363162653365656664346538366265653431
34663132373439353466616162623564316431333436323530366138343533343739323130643138
33616339646332653436633934316635313137623731633262336564303864663435653865323932
33663063316333323937656436383632373330633566373332333738396464656165363965396435
38343862306262623535366339643338383265613936316633316532313563303538323265323037
32623432333839646262323032386534613762643639383166303365383832323964333064623733
61353762643837633562613430353632613433646133636362393337643136373561383935376439
35663135353863646262663664336433346264656263393436653739653431306330356265356539
62643137363534353434643731613137623165623830656535633235376262656363363464623937
31333136633632343537366534303736643432396639326665363163313735656364396463313264
62613438303666316566396437373735643336333339396637613536616632343065316239633962
64306431633438633330396634303831333464643835316534633463393933663862353136656532
36636636613261623065353539373537653363393730636665366365383137613638343731393536
62316365623566336230656161326232613438373064353861616333373762373634383837646537
39333533323662343463396466633336316665323830376232323365306162636531666639336331
62343161313137383638313337613232633664386233333035613432616262326533313665363161
34646232336538666530666636643264613436663537636462356234343735646638313339646330
34366462333562663431353832316434363239333162656634356136613230333434363364626231
62393936353966613964636564633865353537353536306664653939386666393562623132383763
37313565336134313664663863366663393434383765393436366166613266613561653032626238
32636639386364336265653435386535623530633236623632616432383738326338363037383830
63646331636134303231666463313861613739623765363932343538653133303735396235633338
66333431633337386530363132633562343932326463363665623938636137393432343236353630
34626562376264656335353236613832363235626263356235643534386238383432336531346564
31656466386538346131666565363330316638646661656632306362376434366563363138356661
33343161613763613835643065666130373234333835633336373361396435613736643937373163
65346632383536386637396434363534313831333164323265333832653431633032643062333761
39653361326464386237626133626166343563666232646432646331383533656530376262313838
31616366656631393238663532303933663864316461383564363132383963303039383237323132
37323136356163376364393361333763383633303631613439343662323863343338373035646564
34633337313464353235613361323331646334383332366535626131343438383539333966383562
39666364396535383564626532616137303830633137356561386130656633643539643038343138
32353264646563393133376663393661663537323337396530363239663162396532303137366461
66613662303230343337323563633535386661353061643039633362366631623839366566363864
31616234663461336139633265313661613233313061613131373237663533366636396139333635
34326431383438663936663163303134333664666631366235666165623837326161353063356236
37336465666633666161313837633731613563366464336164323134316130303239376136613538
34653733343031396536363935313563646461383633656633626165323938623933336338663965
64613932663864366635643965643337346131383261383065343661353230613161633834316563
34396133333432633464393635306236626362313933663334636535303362623331643135633464
37393633663561373536646139633239613930373732626663323830623032366235643437653034
34356163326264313366323431613166383431303230343331343864646635613435383333623732
30613162303730323865393639623365366432333463376563363135663836306239653631616262
37656636616132326632393332383165383230646230303430666632373364306231666531663562
39636465663131623734386165306339376233613866346539383261653163363466313666646566
61336433343765353739333731383230376266326162363638346565376663613461363764616266
35346565366638613566313263346630333665343731393839336464326538303561386234623263
34373764373464346266653231336137323235306433393335643931356161653462653066303265
36656236633561626266653630653862633938346333613232643162656562656331653161666330
61303235623764663535346462623230616363333163336530663131353664326261633733633163
62613237643634633938336536363235616265633831633164653762636138326535343435663339
32323736333233623137633764363435313365326537333265366361383530386238363235646531
39386239303830303963363336346433396239343134363832373733616132623632313063373336
66616136666162613063326632363933306465366663623133633365323564626666386433633031
35626461613264306433313563383233333038343534383138346533316135353165653661313836
35623239663264633635306565386664373363363465343039663965326231316166656662336663
37663338666330613430356435326661623637613033616630386164313064316461646633326564
30313831623736656330613236313435613536343738303733623938363966386331326436613039
63393765383636386336383038303036363234623266626161633237613435383162613162613935
35636364633830333865666536646337356531626233656665633765393133656338626564623662
39393962623735373734353534356565616464323037313162363830396134646336616239346431
39316563333631346133643533623035396431666132636239623239376166626339653932366433
65643361333032633262313162323964633138346535393366643335316533613361663339396231
36316438656137383666613131356433313261663430356533663031396561643166663736366639
66613731353135303265303237353332613461656562653365623837666163323132623236383037
66353239313638353732343636646430303632363462386239636265303566343665363365613763
63613864333031376434653132313637616663613038333530356137663061623832306564366563
39306639303138373062333730653434313361623861383663336566663531656362383234373135
31333633643634303430626366363861313165366530663538663763636232363264396330333833
35616161306532663366323361333165373363663430333732643732643538656132643030626234
61656361306133343839376537373361373630393332623065383962363964356436646336633333
33313933633830616130636333353861663334383965393334343263623465366533613936653963
35346531346438363163363734653037353939613237343533303865363130653864306362393162
63323133373136323638356663303232653032636539626631353039303530613164303034333938
32363965353230653437303530313733343031303534626637333034313930313838383966613135
34623133343039613936393130373732376430333130326562616266396333366663663135376662
37663739303763353265323962646232396566393131316364306161663034306135333837653834
37646363393239323130636139633530366662313137343935613339653062353566303131613665
61336166616234346338666134626264633262303339313364323562646532333735323238393234
37303639366431623336343430373137303735316665373536383836343032616361393835343731
35633763366537383835616662623538326361326232343135336662666164346235353531626166
66633636363834616636346561343861356533633838356166626565623932356139363332376461
65313363383736663538343130323065356562383738633166643835613565613530626165656536
31353630653138303236656535316535636361646237393637356264343038363661633866626439
64333362393162323661663931313039613333363361363339666264323338623333353232353934
33383861623063393035623134373435363634343237336263353836376237373766316438343537
65343531333463623363653136663035656231323337386139393135636233396132653238376436
64373766633966636435383730366331386436346563386130306539343866303636326263346634
66653261653763616263376636366363396239356638616635656563656438616164366464633161
39343535396133376566303531306531316634343331373736616331383663376637626139643736
38626634653362363231376634373366653836613363363366623337303664633161376466353530
39323637626234633765346631663134316537353833373535663738326237643265343539343533
62336537653431363662656166323739633735333663656534626638333739643534376230613135
39396538636239393135323664383533363934323333616338396264313466313130393837616266
38653434363165386166616538393232356333393963326661653336343565393533353737363461
66656631316331643331346564386435326261373638353234343830623863333563303937623237
61616237613033376538333665653139343034356133363537363162313864653835643562366635
31666331393533613135393533646539336335623531313431663032356336316331393132383062
32373237643435303366386332346633313161616332363562313462623436666235656637306539
30646532366232303233353831316531623236393961376165373964303861303662383937393266
35313735383262343530366532343864353964616532643466633833373661363230353266626262
38386161323266633132353835366461356564356235326438626233383864623465343130653030
35623435626533623265633236383838303164636135306634643838656639396662646136336434
35623662643738646331643561626332306662333030636265656535643936386336303137306664
63343433356265663737643938343438666163306437373261343234646530346465623534383465
66346361343566663939383939623866653930303139383464316361333863373763633334393263
34626337616133633336326133336539653063666134393961343139306439353466343964386230
66656231306133643134643537356130346435336332303631313230363134363137396636643664
39396535323031623436313136323738613532373338613665323862396464396134633837616365
34343263656261393339663362636333616262326534613933626264376635336363373535353539
37353462326462666633653235326461353439366235616334326165326136316364346361353333
33666666633232623234306665666464303261646138393630366431656635623161313762333431
65306566323063636638323334303765373837353833386638383732663935363765373062363734
66356137663435353635626564363430616233333633653739656331333438363962666366376366
34343738303438316238343538653133343235666634336532653966353533353665353063663261
31333262616566393032353039363564653539666338316135656433353366323337643466313738
31613837666661653066633633623165623330383763306136656331653636386433663931336539
30613865633761353536623234376132633639356333383737663033383536663031386663353330
64643863386439376131366463666430313262633466393063646331333230383436643263396565
31303036626234393965313062306232373539373339656539313061303433353433613838623636
32656430643032626461656631336332613339336563626135623362626536333061386263323336
30353964353561623730346535643131306163306639333432346237633362333738616131333031
63666334333566353133353062663563383336613865316464643831633034306235376530323562
33306438646334313035336530663162646232663137356663366665343935353333356566613830
64643666623132363332636534373662643865623337656337653331386433396533373862323634
33616264383361343663373661313033306238616561393464663339383632336134633662653038
65623130666433306338633061386232656132303133663961386634333935366137626138313334
63613131643464393737343962636336393935316237336338653035616335346665316430623130
38386562616335313936636637333661343939643136353766623964383563356530633339323765
66343431343466643566396565383065666264346161656237316530393733633330353362393135
63633835396435663232386365323034646532316130666132376432656464663836356138626362
37613661636563356161396635393736346636326561646465663630333430376437323265393564
37633130646464363661316332616137353539623266623934346561303233313730303738313435
39613365346262643163333934656338366137363564346239653361383330656366643231356266
61613933663336343861306430613435656531366564383030653534663762616639663763396166
39386139343431613233373632303937346230353734366666663935623839326336373831643739
65653363623663643035336336653061353737323433333338306238313162306436623865343537
63366564303932386234366636343533613665663533663430646538626333666339363338373034
30363164363537656664366539366563393563646130663436346266616462666233363461363435
62363039643764376338663264623362363464346136306365633334613637323335306365663637
62626533326333373336373833343637653962386461396636356439303637636164613134333432
35616131646637623566353534623634373038646134316338616565393638353234666561666530
30646437343531306336643539616439666639663839666632393933663734316338326662643464
35353238333939373962326561373163616330623431636330303835646465386565343135626361
36366538636135386533386665623338646531643162366162356333663562316234306331333530
32353833323033623431336238373234373364326164616463623939386139666563313037626461
61326438326533353466363864306534373030316135346263313233363965383662333361366365
33623463396530636332396563363336363134643934386530393666343362376564336663633765
65356261656332333836376166333834313832663063343939363832383930336437353839353663
66353332316362373764643166623132396138613338643466666134616334633265663332326164
61633634636466326531323964616334366534393234613839363264653638636363383433636330
63336663343432666135313565333633303362633332613639333663363637326631356163353033
63383731316638393966333131386536306363376132316439346334306665613766613138643562
32663966633763366631323534346264396632636534353938623834306336376539396364303762
32346133333231363462366335393839313565623431356534343166353935373934383063363865
38353138616535366337363263626537396136616330616437363136623438383934313535623138
32323166633532616261393930326132326463396536343937326466363236336661373036316239
33663532653962646531616535366565326263643837666361383837353062653433373036346339
32346432656437653465306336353637326630396266396237653964316566333237313230363838
65363636323638336634316335346261623133616363643035656561653737663636393962363331
33303733383736336166346332366362343562333833666431613164366437383733646136613731
61663361333366396538643764336464363164636661363761383534646134386561396332633862
61383533393034656330366335303134386135383838613563666533306361616466643933623936
35376537616434313863663164333336633166363130386663643063333536383239353232393962
62376130363337313534376233636339373466643839623132623966336333333335363362313338
38393231336436656335333361656138643734616533333764356263346461333564333536353234
32306362366636373834376336623961663537396535656331343732613562633036646366356432
63333832313337666662366465356263303634393631373162353933376135613363386633356261
61353535343466373139353265363430636335303638393262376361343331316631363963306564
62626163646530336462396665376462386138383235616536343139623038656234663538323137
36323031623265623431363965326264343238393831313536333235336462386334653264376563
63353636303835613431633038623133663431643162383663626238316630653964343066313834
34346663333837323335313036616361393436333139306566656234366137613765656162333334
65333739323239613035613032343636316130626163646639646638313962636330313038636631
38623138323265653930336264356361366132623032636230393666623634383434393263613436
66353731613038346166616163613631383766636635356533323265323736386361373836303533
34303562386264636461303937643937383531376236343030616139363238663434303736376432
32336231353266356133343966393131363966653461613232643364393261376239653538396539
38393062393234336561353536643234343065386238623539376563356664333833613837396264
66343335336233373430393432383939343637303438363332666632646465396461626633326139
61356130313335343531303766646365386532626233393936623362366265653835386566363930
37306138303630336166323531653231333131353164396266613232616133393235343465613339
62353063326265336532316664663236346462393735663734303866326563323939653435633264
62666532323738333062383338303461346564663936373035623733336336363065646336663634
62643630643134323038393539386361613231323032393063383433353366333262393062343466
30613164613765336538336331343931383361303538316237653437613664363130356365323335
64393061363665656636383230613466666130316436646262346464343762386131353930316130
30643136306262343361653335323032613336383962326461623230323230626431636562343665
39633063373531653130646635643562646630303630363765633835373035653438393938633936
31653138363265376463316636336530303430393539626531393631346462393761656137643032
37356439326264383062633531646530613433353330306532623366366536343531366430306639
33656437386537663234643564616264306330373037623864396665353837636135373135363933
34363934336662333861336361386330313764663036326331326438356339346435646434343537
64326664363962383835353738373832613565336630663631333035656233346439303665363634
64353033373334393437373135393265646635333437383265613563343631383738653365666235
36323263613566633630653338356435383530363038303362613265643466353062626361346662
33343864363337613238386663366562633865663736313334653136643763353861623337343365
30653438376462333737623137623937616261386239386533333333626639623165386363653339
35386137323361343139373863616135656433356437376131386630636239336139396437303731
64313230616131323238303634386535666230303039633637643436373037643136363163666135
38623237613830373238363664663465386539333862666639373839633264366137323733333537
35636566353031666135643332646238366431323562346537306430666166353962623931323735
38626165303733643664653537623166333435343833613233663831393031396431376161646635
39633933663431616335376530376563366261663038313537623766393333353262323032373137
34306138393161303166333539333363323436383830643336333165613036363563376465646339
39313139366362663038653131333362656530653435376532363636366438396466653532613462
31623132346365623230363963343561616638303635316666303830353434313336353262336366
33336538623561303039386361663939653265613339316431323732396230383265366139316532
31373965386336393164333131336263346535356266383266353738636238616261333837643363
61343463636164613830623864376538386430666137353034643635313230396534323631643733
32653038346536623233376638383930663761663531333035393637613763336536373539626238
31306663393734646262326336653138666336613063613461336662376234333361663034393636
38373733626134333461333565393532363539343430383138386137303063376661336231303063
31376432323539386463363338613734306366386539353461613030613935333066333866353331
37343563393461376265633638386639353732373565643931626432313462376332363462663739
66656331626661356262613366316262373230346339313733666534323463623365653666653865
36346465636434623562383131356538663638353833343165373135326530313231313562336136
37653962633961343339636237356561613165333336346134396230636364383964656131633536
61326166303236363635656133633833386532336462643136303031643162313364303739646662
32306431653366613739313539653262393536616461626263663261376533663134383337386435
64386163643931306233303864346136313130633862636130303034616235616432646139303661
66363662353531343031393536336334303139663239343438353334646137643462653933646230
62663230393636363865323632353136356333393863623830323733303636376264393832393865
36646339666665643531303863633230323933646534613839636533303432643034643137626462
33616534393435303263306363316161323134613465623162653365653464306662623834613634
39666633373630646530326334363964326637383266363031343735336563363966383531613961
35303432623433343439303434326533663739653064383539656631663939356236333136353232
31303362653535666133363431636631393435323938353331373665623138666239393733663564
65306163313134663036663633313066343162313138636439663535343032643764636665626438
38383531363466643462313634333363306365633463636539623135656665306233323535653366
33623761326631373839343036383031346461356538356634333265653836376338366562626130
31366532313730373861303030373031376339373133623932663236376661623363303236363432
31646535343638373038396331623833383839356561373031626662323163353337643562376533
66343539626266336634326234323030613438633862376465306330346139656234313834636530
62346537323832653035393038613938616365396465613530323361643839616566613139653038
31356634643165396565346231376432346132656363373362616233643061313337373264386165
36353363346435663233343132316439363134303966396136373733393330303033313838656264
34626361336431393561333637366133333039373264663365306236663736326533373735373031
39393562633034616663613664303033303837333636343235653466646233626264393263666363
36333261363238656661376431326638313866303536613234326332353035643537343661336662
66323432393335343133396334616534353731313466393366373830373035346263333762376434
34356130326133653462346564623337363666663863396364323933333032633932356539613466
62623239346130393934306330653136356465343738333061383730396436643065666261653034
61396131316632613835303431636237376437623862343464373565623162636330343736356563
38623234653233386166663861396266313337336532393337346234646232343262646665396231
31363763306337623237313737393836643535333435393336326135306239306364306233623362
63323537376231373437353935336664303933623665386630303763653932623765633838613364
39353662353964343334343034656564643035316536653737616465613563663864366666373238
37393239323132373631633063353834393435633130366432326665356333336239306230613338
36346236633832396438363336616135313839366464646665333730613835326262373065653932
31346436386161343363326665363634393637626362313634316661366138346239383633383364
64336338316461613634343133393331376664333562376130643835626165393039366565366630
31623032633962353132623662623038373930346665346539396331666164323135633966663935
65653031643365323861336233343166666264343336353633373861333533366237356366356365
35656263343337313635313730366638386565303035396630313237313239353639393137626461
63336664643831396537373430653031303962623930313532613163346235326134656636303530
39363334653538653765663361326433323631343535643438303234323061663039353264323332
62653036663664383533323065366361643966343533373562646365336137643065313238306561
36613537356535313530343334353134616133396464393630343866333238343461383464626564
34383362346662643763623564663563393734333932383565633239626366393366393434633930
39313261633432396531353434616235343666356232356332626530643738343538363762356566
64326530396461366161373938633239326265383436356464633239366561303663323433663339
61336535396332366166353339663164333931333963646465396537376232626434326134323637
36343164626138306435373439313437356238303761623631623766663364656331363939666637
36616132333238363562366335396462386230653565363235383361386661386337336534383430
39653263643466383161356165306561326534303061623162336463366235393530613530666164
35393733366239633836316666386361313365633161396561343732653035336465623764633664
34336164363466363034323265396535353463333963303639633636333239363436323438303562
61366330366266303636336237336162613432653634613430316337626531306162343930303033
36623235656666373139616230396162316331346433623135353364393831613732656566366666
61656431323663306135343761343736373361336438633836386662313232343134633337386534
64376336316363653030353839313265356363613730343362646562613934643932613438633464
65356633393233323865306236643539623961386464393838633435393630303035356333663132
30323863356564313035653932626533363739613664613661323163326363653335303961633864
66636363643830373263663666333036313762643935616335393464663064343637346365303834
33393636323262633031656437333562386338326635663261373037346262613330613933643731
63346434363261656533353336326263353935396665306131303365303939333935613438396465
38393331666562326133396662393665633264306132326663383662646530366130333337623663
32656535343365386236346262356665326232396139373461653432316334333735373932663431
36386564373638333362333666346662343732663763356330316166666266303434396132633837
65323566313737353963633231376230623335303030353064636634323637396461343431623533
64383861356366333866373561643365626639663864626337643261663764646437363636373831
33386666636365656666373634666666303336323537653039636365366363353339353463373232
33353634653965623435313934303131636564616363393364353137333566626132666463623932
63616136353432313233373966383964336638613762366430636338313339616635613138373062
62313762393236633263303536346331326534633362613164653132343137646464316137383235
37363863313831343830366561386232336336353435323263333262333936336239313262656564
37613333396166303838396130386137626633373637393730666638313630663363653763663738
35336632656163613639346665393233373537386633386636363834616433626662663233653637
38386165386166633535303037393563323939386633313537653733633934643933303238386332
34376535333535653666653230376339353131386662373733303637383533373963626338653363
37616437633938383731323535373636386133656164653932626231393231396661663639326461
36383363386562363038646332383036616533366437323764656163373962333837656238633035
66336663356338303432666539373066303838373962636261616434366265373134303466663934
33343834313738326438376462623734633332323730373934666131313566653936393966613839
66646530323764353531656538653462326237356263346565666331363366643239393835383865
33306632643732363636316262636436346266623666663431643366626336356563373665616130
61333533643865646138323865653864393063313836376139653862343266666334613862626430
34616666313061636262343438373433373938383439616631393535663565333837316138356164
30636261636461653836313739326135663164363162396561353831343934376634326162353961
30626331323362663439663730386530313765666665366461363537653934643538316438393435
36323736373764386134353230633530326132336261353134353661663165653839626261663636
65353833393964396136623064313935373537323939396564616536363031383438313933346365
63636433393639336565323131613562373063373632353536363235326466353364626461386538
32346265386138646334623766666234643966353863623737333833613030383934356664356563
61663731393534646535353033626633353031336533633736363935643639316336643036613834
37356132643062633965636462616665323836663863366366356366333164333439383962343361
66396537613737326362393836646365626236396236643933626334643062353863353231656233
32343932653062636632653164613538666334343365363461386435343430313662396238393261
32313939346635303561343938326636323536386134313830626136373734333635386266666136
65613233646361316234636536343665376465653636306561353031626636626263623130323236
64653133353766343065316238333464353635316236323366323862376636393862643237303732
61373965376161393163623637353830396136666132633135663530326238616561633234386566
36323031616136326564613232663861656338343661663334616637343136306463323161336631
61333536333331656461356238386232656238666261313331373334326436313038353565626230
37383164333338366330393736356663343163623137323734303131613264386635653666653834
61386536386463613466623865353062626634356365393465636631353538633935313961346339
61656461336437343762636663366161626662623866646163383161653732663538636332613334
31316330656335363839656663626635383330376337396536656333376537363265313463353234
30646136323039376164636633313932376561326531366535633033356332626333353035656263
64636136396333343938383533353464343631613763636538343063656431623930393232393439
63326130386638623264383432633231363438353737626638336237643838343364636230666530
63633232323638353063366430356335303239373138643230626363656465386663356432613466
30303739616133313335646562623436363835313964623330633838616438323733633666373730
33313138393538316530
