$ANSIBLE_VAULT;1.1;AES256
36313134663739613738373736636435656230643232363462666130636239613463353238393335
3866643236303732636463323030373430303932623731300a363065393361306362653561303361
38303830303132613866666138363834353437343261396563336131376337383065643266303862
3834383434303661370a333566326135653031373930643135643239333739396634636238653039
39336666646134366535343862326433313235626266363439383931613234343032316135363835
64353362306635393433313532316235633731366535333031616339363463376464376132653239
66336430303233623066663135613931303763653561323934653039323165643533333866323135
31646461663438373864316139303731666538646334656265356362376231633164383333333963
33396166393339343836643064353934646132343533613439373666613231653265626431376662
33613131353465323338643165653132333132633134346639656133633932326135653536616437
61633632313661613234323165383436323263333631373334303734653839366162336363346364
65626537326130393261323634383363653564663362663264663461613961353230373535656534
66363261323831653438396365346637323865663531396532613264626433373366373564326332
36393733346137376533313961633461383965306136343832303838616630386538613331373834
62386362306265623462376661623363643137393637626335373363386564333335333965613263
65386530383861663564636438376534666339343139346135623464343266333965313633303531
35313564343366663938383831643666343737333431653461313165623362323838343432646534
36306234643030356338323730363634323131306239353830303937656232653933666331653030
65623538333265653431376431393162666538356435396464316563646263356666383164326161
65386663643861363933656538633661363335386463313266323038386337616233386531333735
61643838306264316262633438396134636164346365343565613563363939666339396263346461
66373261366365376263393330396137383365396331663936386563623331316562616266623830
63323461326539373162643534343535613637353437363036643537363333613532663031363038
30653535613539643830323835363364353234643230373834316533303136363766346364353664
36626338383634393866646434326633663930633865306465326461396533626234393138333039
61363461666238656630326632643838363066303731376134656636353238393731376566326435
65313465366461303235613735393739326131666239663632643536643963626536333334636639
35656362303535383635623832373735316532303136363937626266316636353561343432373136
35646338633932653831346632633030366464323231643964633433616636343965326530356437
38353565303632313362303434356333356530396337336164326530313531306338623062663062
33353666613332613335626335633363656430393933623862363564366538323962376163643534
38646633333233313235383334643838653964626338333432376335313432316361666336333064
34353564643264623061336665323866303334343232623435636637323434373063343366323837
32396637363330373664373337636364353137633731343361323964643036333833613265303366
34333964373662646431326466376239656131396561616663633531373536336536356166663532
34643734653132356366333263313131623331343931343232373334616335353738313461306566
33306265393133326231303535613136633834666537313062643165356361383934626334336262
35643164343739643166333231336630343765633731616461363961373635636439333666643636
38336334306538613531326639623763343733396434383932383061396339386138343765373161
35646630626132353339383832666539303930313236386539306334383162633336353163336464
63353231386135336237393130616532356537633061643261323461343532636435653931633530
31393562353361333264353932343633346464633431646466316637306138326165366235336439
63613137306562636466393831633763356366363035393264646638626662376237333231616561
34623531663633306433383162643562653162366237343834643530636562303131623534656532
36373038336566623535343464616364313562393537646330656531306535333966626364353163
33333137393636373635356362356561333964306265343638393736316235396662336236663064
31653562363833636138396366333862323738636335633964656665303830663136656233376232
62303331373235623763633564383832363035653836303336613731313262666266386137396439
36646537626130396362623337353032343533306461636162383738323039356132613436613139
39623766303862343839343866663266626234303465626334633465316233626233626331613231
65346165303830353161663536346463353736366161386333316130623539646632333964653330
61303836356562633531616163613635663933616132393931653463633466336234633566353439
64353239323331616437643461393533323564326466323139363534326430383539343136343165
65323966663163646565653266346537363831633536326433643565366339363532616239323339
30333237356430366461303262623631643039373366613335376132636564303763313466663363
30366636323563373030363063336532303065353262393364386439303533613565326161343139
38323162316536633165613763376336366639643232393862316262383336313337353137616238
31653637613537396666623436656635326664383435373737663364386439656462343235383536
64663239343330396130623266336331616163313437376135336632363565396666373637383238
30316161353539636339336235353931656661356632343463626237613035616637366435356536
37643633346330626336643737313964356635653934363366653238373437633934323434326334
34373833343537303936323061316633643134363339653935306133363836616238306230633937
66666666316133396334326237626465333735366265663736393665313165663234653936306331
33366365303934613337383530303365306337666337626437656234613430313932356131323536
39353937383662313366616465306137316533613735636138343531356366626364626364613333
65343235633838373839373065313436383565363162386666306637653766323534373262623936
35363738376637636434613733303365303763376664643138353463346239373662376531633662
62663065396265343635366539383563653362326137363737303163363132343566376331666265
30616338353365393738626234643839373533643132363432643135646632353630356431393130
61353737303134643835333536646666623836336661343535646166643064623363363166363636
31303134653435646635343035643234333331613961623436613061343638323838653239613334
37343436306663326335653331366437396263323639313162386334653533393861393765633362
34363765613939326433613230393436333532653466393730616532326639323532336231383339
38353061656537613766303764393862656262613433623434353936366138623866623337326262
62333932636634656539666239346639303532663039323533653030393836363462366536663963
64366662613764653438353664616333353039663938663430316137643337626134353364373163
61333562666130353632383961653030626237303433633738653962383438626430346639303365
30366235653739666530336632383634646462356232333630316564393035643236316362326564
35333932396231376635386330616561356661353336323532326531313630323836343264633263
62393832326333393765643836626431386139616366353836663830316365326234313161646236
33376535643564343337646533313435313837343462636235666332313262313761663731636466
65376238386366316131333233636462643734653463363061633834313664323635376235383532
31653934633132643238373138613665656365363230653062623163313231303133343439386134
30313130353662646464303263326236643638303232306432316565353732633735383164653335
30373232333033623033313264353039306562306262343165666632306239343261643433366164
36353732353762386236376664613665653461336433393739643665343362623438323133353437
31623863613031303337643664646639386264373334303231376666343564303637386564393662
61303337303261666535386565333165316664373961356434656466666432646661306261656565
30373164333730343566353638656530643239303732326331393739326331636162636264333839
33626466383363623333383038383634343036373230323266626430353565323436396335336532
34666463353335306161633939636436393163383539393932336461656264653737643961373063
65376366633761616564303137353738623430376638383665653065643063346131356138643632
37333835636165373536363661653637633564343230616164363932366163343330363431323362
38373738623034336632303932346239333031333430623436303031646131393732346439346362
66623630313837666465303232353864626364303239376266373966346363663465306165363236
37623630376564623365373833353138666564363266653963316137633438636164383166636563
34356430353731616334316132336637346561616163303732623135393230333065333261333032
39356531626365343930666465323134613862326435653533393562396333323566653562353363
66313762363838303363623235383432303065373661366536656131643031643464383235303630
61376562653935616534633938393932323830626564363435623263363737386430393831633934
31326138633337346333626133376265316337646666323837663862393338346239646133346265
65653933643535396238643262643363663333353431663431313732636535663535626636333332
63383362303938663631333739613137653831383430323332373461626661346538363161643936
39636431383866613434376139376264383336613539343862653733646331353864663636353739
34313062313431303331343432366165326535333062663931633639393034323263633062376562
37626361363736386332613264373830303238323436646238313133393738646639343063356563
32633838393534336562653061316633636538623933636663353033393037383830353731643037
35383839663535323931303262613730386265663263663165656133313564656339323438623464
33663162393432356534636333373034343431373531376432626231313332653466356362333764
31613739376338333364636465353664313066396562626235623861646238333531363933313836
33313466333031343430383539663333396431626166363530323334373630653064666561653930
30353964363934383137326434633136383733313366353063306265313432376664343332646335
37333566633338366363326531663766656161373634306630373630653166316439353862653235
35626539356166393262616534623337356461643262623137393338336534623237336362373638
64336635313439643662633835326563343631316330653661353266316166386136353732313936
37316638353439626236666565636163336266313236306231656561373437316434613063383234
32613936323564336264633532343130306330626634616332363733353935643763333766333539
65373861393761336338373963383939636431353834656138613933326433336465616361656362
31386432306264336162363265663137323162303031626333356134326634323061396539303764
36323066613436333261613161333164333033643464633463303064383766373862626334353836
32306136386130626538333662646166653136616663326239303433336535323530306464303439
61386562643830633666356630393534646164346535336530363266663163333034323062636461
65323664623861383466383966323561353062386566613664343134343266626264383666346661
64356132393339326566353834623833326130636265356335333830313263633134653131363733
36356663303133356138373761336665323739626561353632303536653131383638303130303733
32633135376462393733616334373231633933613434376330396331326233373761323835343733
64336634656332636666396264336534353263393237393563373163623335383733363765396231
37383131376362316264366437663963333065613761326430666634316534663338643166643431
38373865363431323935356665363737656464363134626432353064313336663232373563316233
33646137353764616130373735343735653733383861643730393463343639396163373163316665
61383036636138326561663664666265636264633261326230303935643263636138303437646637
35663361653739336235
