$ANSIBLE_VAULT;1.1;AES256
37376435376332663932623639663637313337613539313934313164653563373133353765343633
6435653731383461323461376639396435633463396162620a313236356439653764656465316566
31373966633430363865643461613135653564373934623237666233326138313636366637303635
3535383961316336620a303161333864373765376462613434653637353234643134643638356231
37643539316366356130363334303462646239323465643335363831393038313239383062666539
63633433663432616662353137343738626261643766386435363837356338343233633530653261
37363962313437306565666230323564656436656636643638343833373330353838356337363430
32333234373462623630393836393362663766346633666432346465323839323761656435656332
39363933326636343433366239623163363861366266393233363831636365386565383663633961
39646166666466326638366166626162343432663465616538356530626239373332316336363261
38396535316532373935343736663562633538616464333833313330633638633230623332396563
37323632663462663837
