$ANSIBLE_VAULT;1.1;AES256
65623163336337353663623832613263393235336130663162616637383363316137323839316238
3537353761623066343066313239616264306135313062350a393534383532653763653663646536
33313537386161383436353434323434356633306639646233313664303538373834313966323634
3265663331613430350a323665616261663064646466373731636262663364323237383832653736
33653535383363636336316531383336363033366466373736636138363263643035636365336333
63353037346333666233306365393465646465353364643866616263343535613066646165373331
35613666316339316339616135643732626338646535336138346561336562646431316332633431
34393839626565396163313937336663626565303764333730366531363638396539356363393634
63363232633162626431636639663430303336323339383630663963373237393830633865373031
35383365313139623434356461326131613339366633353330303538396161336335326166643438
31366263636336316436643836383737666636653333393434633136623036366330333864623636
33363031646332313664343531323436336330336531613131303139303262333832393131613933
61393163306437363837356237643535636436383365306230633533323237353436353764616634
38643931616465363537666631346530623363643038313335633330636337346461363361396332
65393737656364643062353530613764663738636638313464346331653733313562646265386437
38323963653038313231303937353261316162663835376531663735306635306664643265333334
32353339333061313832643336623561313235396537383536383636633333646538666136373862
38333062383536646261346563306434356538633533646266633161333839386466626332633565
37636338363333343839323037313939663039613765353866386134656364323366306366653761
32363135363535386338343732623464393161653431343138363962636337363934393661393631
35646539346233313635623137666462626335346362633564386562333737333139613336336432
34643164643238613366303238366566306439383930303637623563366237633962643632343837
38656136383435323631313561646137623931366138653234666634643134363137313366646637
37383364633435616432326231393031643939653830303934373136386336623330616466313066
31653833653562303732666166643930656635393036353863336161613965316532633038626164
61383531383264623763343963376338643662383162346136346333376431383635643364393432
35653530636436346233353764306535623464623433663161663036363639356666636561356165
38633338663731306430373665393164313166363834333330303366333434323263343435643737
33343134366436303465326432666335326434336261313463623564366236313564303961636634
37656136643334313630633433303533303765313436396332316439393931373363623964363461
32326231373239663963633031666335343435653265366663313434623766363135346534396331
65363164396231313562353265623337353234363134666635666461656134323363353864383663
64303832643231366331373430656265383864313033626665313163623139353735333762316130
39373837373539643263336232626435386664353765363532633233356263363831366635663030
31663937376234643431343861653932353730336532626664613331653861663438623563653662
63356162393338656230323563636365376331633738396333336263363164643264306235333265
3432
