$ANSIBLE_VAULT;1.1;AES256
38626233643732383662363137346164656630303637336436383732646533306438613938366366
3964393364393766626562613530366263356232306634350a656330363639386238663331623937
36663331633039663762326636626532353737376162393035336362376639616338363261383161
3631653732336164660a383865656439383537663035313161393231323962633133663434333663
66393938346233366461636235383031306339336266373134663432313561313963346637663939
32663734306233303536343661616238366239616431656166363533323263353464303163396337
30663963633136643032393135336537626531343665626134303935626632356536393630313564
63323163343239666239326332346530656438383335613730626339663634323336656434666431
32323637346665316339386662333838643266366630303238373739326639306133316164666266
37346133383034383561613562666662353662333438386536323033353431616230366633393364
38343130616535386162643863326537666465663638626439643336666164636339313736383134
63316339663432626166316562366662303062656335393138373530306562646666613236366465
34636566653830316339366362376262333437633234653738353862633065373131633664653837
37323462646537636166353735376266383936346531333930343433386161333164343662376363
64363561323336623532663364303439323938313734613531303162376561653265623832346662
31383434356366336162653038623661653333626233366533613732633430353365663066313465
61626130366437306633343436386136626430633135666433333933653335623237396630653761
65343863386333613239316465353866333036333439366237646664646237616433316266333764
37366535346563623165643862336663643763353363613433656464356266343366383830323136
31623235376231336430343239386637653738613366623631343663343337626465346335303366
63386165356135646532313736633163346666613334393065393737396461646532383939326536
61396365636264656639633139653864376661633033356537363534303665313335653165356362
34623962303537643339313337333661653936373930633964353837313661363738646532393639
30346362343563343139323939313561623936363534653134663032636433646237316462616339
65383833346338393036646437376131316538643238386632623437383862393937363536326263
39353262343334653537643334343238323037326336666565653564643835623663336361376265
64626664373438383062326162613063616335303739386163343762653666613366346430313630
64633236343561343837303936666532313961393438366437363331373235386436326639663338
61363034393130333266393365656563376432383863356336353930343539356261383232343532
66643362343330626233663936393937356332353162363932306133303332373037633437336166
64396565313934326234326164343864353964646261326638653831653264656339303532316135
35346565386530323766366663653963623765633264653134666132326435636434313736373837
64633964623033613234656461333863363239326338643332666463663136633964373031616566
61666435396561316364303365373736323335353338636663376636613161636661616634623462
34656165366463396237396533643934393232326264323331323432633936626130646365333130
30613564643435653632383239653261346261346235346162663139393062373336613464306537
35373665363839643762656262663764653137636163323930626462363031313934373936393565
35333638383131326166303830313538306433336136396439373261336264346263313433376638
36356439383232633730323136656235313634373036396138306563613839396431343032323431
34633933393361346463343663376136363465636631363734633663316461366663383561653133
30306438353934666164386637643339366334356361363437343762376339626664393634363434
39386631333666393734366664363732636266363034626466373638646632616339373461386662
38373531636161653061653931336264383365633236633866616462313533313030326265373833
31653436383834633439663132393439346137373232656661373534613231343434393930323739
36323461336637653237326561613865343539373462383861313536333862346539366234646465
32336435353533303339326535326235373332326463666630346532383633643361323163653566
38666435353232616462636661633862626265356230346337323061303433396336343261343537
63623036366534666163316335323637383964666364303230343033333331623165633939613162
3132
