$ANSIBLE_VAULT;1.1;AES256
61303965636131386335626430343739323864663432666162656239653563646466356539343863
3334393632643962636332636532343738343436353863310a646162323939343666663836636565
64643266336263333163366235346334323239313835633532353638613536393361343630316238
6635623962376438360a373163316338346533613863646661356439386263646561316164653734
32643738666539663561616163396662393434303632656664663638656338356635333130323435
30306132343135356233396666616130643233643438633432656166613034393931616130623462
38373065613166306635613761613538356365306630613761643934306463646162633931643339
65363839363134393137363065376635613136336665653338376136383430363535383432653732
34373962666430653339663562396530323862656461663037363965643061363565623966636639
33663632343038326336653831316531333137383232633139306339376666616434336164636363
62346537646334633038656133313937623632626435666265363539333831343335316662623335
66343263353638373637653464313163323737663135353536636138653565663337353465663037
61333335366661376266373566616338646664626562363130316336353436383532386235346638
30633337303966623664643835303330343638336434363634353162663839303063656261623139
66643465633631306536313566316531356666323438653262303232396430383565316565323562
66396462373937396538633430653938376338356130386263356461663038313833326438303234
37613733353432663936383532643133636235366265363236353338323562613536333837643339
36373832343561393536363333353136363036303936616137336134373138303764366134353235
32623939653731666564303338646230353632326532653861343736643338303138663166623831
36393064386433633039613738303731393137633034363637393235376262646630313931353731
65653563353262646265653765393861383332656566646136376339306233316637613661383765
34613165623265353832666538313362393164636264366265303665633936376665303263333838
39313463666336366230663564376633313333313938653664323038396636366261376432346534
34306163356536393031303135386230623466333439666335373731346666363438323237326534
65346638613462653633623437383233623731633339373561353338653536363161623633303562
62303661616333613862616135303439633737666536383931363334326465643061386131616561
33376364363134666430646663373331633965653538333731663365306162613337363833386338
32353034353464396465643161316538303331323933366566646136313038306330363436626333
64623535326162303265336533376332383763613833323637393331343963623534393630636363
36656334653431353933396166626633343765663038613130353665353565393261613733356163
31346330663466313637356639323135313064643337643637643133323963626239636132393730
39643761323737646233656637376235623163313038663465633836356633663738386635356335
39356631633337653165326563313862313565326635376231306661323334643438636166303735
30626261623263393139656162666664666363393464366366396236663766353832393063363736
36613532623161393339353865616666306631303933643834613832363333636162333638316164
31633763373637336634323933366263623237363331656662613666393736363034323862653838
30393261636166623966653131353538633535646439636261346262663962383136636633623866
62376536633833663735393934636536313038353733643933323438623333643137373935346463
36366237336663643133633662343334343265393138653064396164633266353835323264623938
39396631313866383137643231663462343962396264386638643538643766376164663664616461
64623833396535623238373265306165633866386530383335616666376462626331353061383437
62393034383364633063393834353634383630653030643663313030633462653632316364333664
66363863333238393163376462383330316534343238306261383038323363623064643735383365
32313339653136653933643330333336326239343961663031633039383265383434393436646635
30313036656265386535353630323936363363386164663736346434646439333334333636316464
30663434353533613064306238313762323630386537666137626664613366653532306432663432
34383034313732323837363834363361343061313966366231316661396566653434343830303936
39613466386434383937336635666462346433636662353931643662393663363033326334626364
62653766333335623565653864373866656337633464303861343466333766376339663938323062
66663336373665643061646161343661333932326636333664656335316637333663656330343632
34303030326133316438613635366331306231666566303762613561323434333061333636636534
33393265376336613465616132626234303933363365363233383633343334393932633439386263
35306532333166323732313937333734396539663635316137366261613264636536643738623338
62663264343266333362353965626232643561643361313765363734653731363365663238613135
64386230333865666563363833303631373130306336346134666364323238343964633730383464
33633435393638616363666665373634656430396630303835353635663330613763303634393330
31393538343966323264333532373564326235646166353632353335623036646331623830626439
66616334386131326537633432326433663239353361343965643463393236323037643237353966
35646138393736333564613839303930376264383461326638646165616663656231336639356533
35383565613463313438366464336661323038643838636139383765393532346133613237646138
61363936383134356139613238643630643033626339663535376461613731633933643664633130
35626339373336366436353737646163303238656161366631336563633931326530353537326335
39393064306562613464623832316437643239386264613532663363366664396535383337313165
66636538323637656566373336313736396563386665383234646564383332336564303539363064
62323237376261333261646138613432663938623134653232653737346333313733376161666461
64633833343039633231303234336666663435383965666663393737383930646665363261343665
39656139616634363138623733373866383963633233383966383639373432333738323534313631
38643662623230346235323335626366313965326263373832356163623663373631343530656561
6264
