$ANSIBLE_VAULT;1.1;AES256
62313561626564666639623333313036373132363734313436666533336439353630616335646531
3334656232646265383164623635393037303861363663360a663965316264356430393439656636
33613331636337356131383638396365323937666264343063343330646565653038616137393331
3433616131306662390a666166616338643465353565653632346663373235356665646635396336
34616430303831616161336363313837366530313164313939333337346362636338393532643464
63373039613633373364386465396635393164616234333966656632386661616163633831396537
38626363383465346530376361333839316133323738663165373664393637653666653430373962
34363136623331393139656161333465356137386430633233626435316634396637306333623838
39316631656430363538373838363230623338376563663865393131303930633564316462333132
35386264633961366365353130653861353865666364393934646632376136323661333431326538
39333031333738333765623638373266333538616263303566363436616363326138363761393062
36333333376537376531323835626461663966323739616435386436386331333838373165333964
64323939363635623231646534663366633265396630616138666237353337313563663733633531
37663163616534663063643261616630373530646261353534663365626135653261663364623631
39336531323136663639383834633334343366643238303234643937623932353661323132323062
63353737363865313037623237653663366561366566653764393034653730363030346532623637
64363566333231633961353562396439653466386135613963646336633266613532336235613763
62353365306665626638303465636630343132316635646431333339323130343965636230323336
61356164346462653035303334643535386430653762653764383265376166613735663233316531
31316338346464316438373561333336313338656561343566313962616139333964653937376163
30656264623037636561383635383235383662353632383138366132316332646337653135373234
38633266363366363063393032636638313434313831353836376239323463353539616563653134
38383538633561653030626137383264323236636338636139376130346162663663313338366130
63303966303964633039626130626236333661383035653339636536366235623637353866393630
37373732633236613934373633303665663466356466343036623061626636343338386537663531
63646335653233313830633538356332393732373766616232663733323635383537623439316632
65306438346665666533373565323663313335343830653235333863633966353064366336313034
65316165616636363232613032353035363236323036346237316163636263363932346436333039
35316165633332303230323532656335323431373061653534663864326266373961643836353761
38346535333134333530353161613131346330336536663839653465653466396135376335636233
37316165346332613265616132656134666637326165303165383266626266373363316136663439
35336362336464653539646138313335656665393464356265633333303738326262653437323332
65613937326537373331653530366539636137646537616134653935663233633839393664316531
39633332396365653062343930306365353539663832333063663666323162336137373634313934
65666161366664613539313734316466346462383666346534653866333466623831343338613833
39336131363234366266646638633462363862653862343966653039386135623161316338646363
34323337643531316235363432333637663266383333353264663338316363383965383766383431
38613664356134333963336461653662316436653661366464313066613938663765323066623665
66333834333137343935353438353636326266396438626439653332643332353831343835626233
30333831356137373332316431653831373039306166656434653566376530366437363132393565
63393636393934396465363265383461326330643134303166313934386439313938313733623935
61626465663535623365343766623434623638333335366265323133633366393738666433633430
65346133643065346434666639346464653735343838313038353666663139356461616361353938
66643562306461643334333966643162353165333163636333316630313130383262373530333434
35613231313164383031383764353864356338343730383165666562306231356165363564656233
35643938303463356665393038643030323737313661623962393266653764616434623032636364
66363761363066303864626163346661376636356437386165633639656361373330326431646164
34663765353463663039366265626263353134386238336463393239323064363831383262316362
66353931363438336632643637313037366465353762303039303966613333613530613635653439
35366638646630323636383538393436313664636532313461623138616331646166653439316432
65326462313531636536336430646362396639343832303039353335353235336566313037646634
35336234346239313330663635393966313332393235373565633434623964393265633533376335
35303032323732383239336138353763383763393739366134633861343536386165356461613334
34616638613035366333316533396133613232316163376533613236386138326136663761396566
66393665363132363863663831353566386138663733306135643266636635616661633039393437
38636437616336333938323037313431343031393438396534363733396139633430333732386331
32326635326331653137393238343762336234613131623936653635386337636161356463363039
34633536303036376639323765323466643662363462346537396433313363636365666533356134
35663762623837373964333665323361633030323661303933616130373264656461353764646334
63363966386631336366333034623338306265623337623664656338313931623134386431323935
33306163306265353962386164333933626539333164666164613731373334626462643537616330
33666432316463356231626238343431346639343466323539333964623830313931323030363362
38383861633161306434313439336663356537653061636231393666346532353730633061303130
38316662363465636666626535663831666363346464326134336638646530353137393865313738
35376266616261336264663161633031303063376534663339353266316138363233376233396632
35616337663635326637363465303733383064663661613462396565363131393230373331316666
31663232343363373436653736373238316536636233656264373239363461356534656338633231
38643734316433616138373738383638373363623532346636646565633036383935656534373465
38626161383839653062333265303530636265343235323463386230626532663232323637613237
38303634323762303566623734623531663662643336346432626233653433303830306338323062
38393431336334646362363366653562363434663963656535363431626466633631653538363334
65353234323136333833613236366461633235353265393332376631373663303835623066376237
34326461383162363764653836376137623533343563653337356533303063393438653663616662
65363436333166353166623862613038646463346534663932353062373661623933363265303865
31356466343961636633366461666564626234353962663138356431313763313734323162363666
65623631366165316330643464663862303565353431323262333232356365386632643431653132
38623232326563386564303131376432393136663465656465303665356535323339643132363239
34393439643364373866636162353236336561613736393534306435333733316565653363663266
34333834313263666238323139613137353439336366633637356466373735313430363638633366
64643239656432313538346663623936376239356462353134653737353933643234383639333432
33663334666239366666633236386361363930386363356165333434643535383962303137393233
30626364386335326539353061666663313366393631646464623239306263396431393265636562
34366335353165343338393236363761303233373535363165363034383966643865303533626463
34323938376166386435306565363135666237383933323866316635663066306438396634623566
35646161653834633064393137666630363136363065353331663839333666383461366634616561
34623335363939383862396461303930336438626362663134393561363963643366353133383133
34303239353234313166353563366165376534343235663136366539303437366339633233613734
66346464643637636233646164633062636531333736363236346530373764343434653164336561
66663534346132323763616461343537623137383339613965613032366163346536346231646561
38396337393835386162333066353061656563303636336666666233663335356661373337646231
37363536306639386130653831313438343362366466303663333639636366653362653334363437
32623764396235393565636637343762636436383565616564326563373139346536623061663238
30303165653337346236656365353833646136393034663865323461336337653735376166393066
32323432393132333333353865663138633537353466316331383131656165613463333938653336
32333130303466616464373065633465613661313632393331623165373533303966623534643062
62623736316430376336646130643766363964616566666264326532666563656630396134393665
63636465376236323534346438363930353631336363313936666432643331363230366135393438
65373337343065653338343532326138643335616432386566383737383364383031383763336362
61663535346336376331376436666666363636366163646665306161353632393334643664656165
34623861653462316465643863333862636662383839653365343433383363656663323666343764
31353237323661303866313932623834333034633261656231616132643066336234373730666664
66663364653830323665373234383235326430373566626332336463303834663961366539323839
64356463646261336266396132656631313065323330373666396333336665366565323839663462
31383735623165383731323063643763356535653561626235353661643366623339633763336539
39346437396637306238623661636664353638333435373533633862653864633533333836633435
34633438323363663639363035383934653237346262353537303036303033646665623663616232
37376465353133343534653436373030626363646433363066323931636663386232313932393565
62346264366638366436383064303863323338343865336330386163663039363037396237393939
38336336363734323139376539643061323666613266333864363333343439626334336230653038
39383139373062376130343232363233393635383432666263393034626231306133623539643936
31396539353161336263616430346536306565316237326439633032333934613566663764623964
37653162333330643264313936396338336431616533323339636263303434333062336262323434
32313664386532636438316435353266383535616163656662616664333162323835663637323837
35333730303833346536356337613163633838636432616461303033653438616262323933303266
65323464383861333166643363313839393637613533663139353735653662636661363239303531
61333462666130383162366634316537643732613763613237633439633066623338663939393864
64646531326232626336336636613631396263313630386232353939346462633830363061373266
30323462653436383565356232393638626334313435363962313438373238353539613466353830
65333530613635306134666138626461376431373837613534663264383038303662326361306430
33666466326562393136366636373335363261376238316637663063353364343234373839383938
39373438336336393761663961643261666363386238333266393734376466303436353464326633
35353463663961313434386661373561393063666266363566303965326337383166363262333766
63306435343835636531643166343332333466383463653931313938663735303333653731336233
39643266306531643833396230336230333438346363383563656239613533623231646236666637
30616332326531353231323133646330373039376237323435346539663838323730323530623663
61326336383761313930393932386436346463623163323664356666313937316336646562336465
64333832346462313531393132653736363261353965373361356164643834656330303935316636
61383262613966376237333036326662623837393433356663306639306136356161636237616134
38386361363638306665623736366432643063383463313035373363363638386666333631633665
36336131613935396439316162366264643531656337336337303437383637343937303631353334
64636535626438363362323261626461343565666236356238376637366563356462356566636437
30386531663039373366663466616535393534313237663933323934346136656335303836393838
65373130613136313839333364653862663638323465346663366430353064376665356166613534
63333638663934373031633030363964313932656233386534646365633236643765303630633131
35326132316535336266306634613662363838636236353339303030313335656465363330326463
63666265636165393236373530386664616564346435653863363731336562643530363433663437
30373966653537653035393936313461663962303362353634393539366164316330663265623764
62336632663362396436343832386662333230643839366530396137333165663961323361646537
36333337376564373530666463666465373438663261373931326563303138323139303933313839
61363765653631623333663266323035613031633733306337633333323665656336633162383035
34646639613166373136643366666533656264396339623034383332636233363462393631343036
36643666663364333037376337333739346237323461363466666463326161353733383935633333
66343935626137666362343165393563343836633436383636656537386562393663383534643764
36623164396534616566653638366564633830613362363263636431346437353663333233303465
66363136663039366639656162663131643130393230633236313837666132313134343465613532
66353431323038386639383933323532366564313566356437656562643031376337396235376336
37346539636137666533306538316566616131656463373135376363653634386335323365646563
62653634643466336435393565373362323838316366633230646333376335646130636132666437
64643265363864626564343964373366663734316534316531353239653930616433323130336264
63656162633166656231623962393635333539326538323831336230396130393730326135656433
31383839363835653235646330303730656666363366343061643234633532663763333066366138
36306339366639306333363037303466306137653165656166386166393965396536346431643339
31613831366639613835663439666232626336663933356538623831646665656363363038366636
33376237343232363339346163633431623630363739373562356136373965623139373532306334
63356565333862316133643338623533653664333438643264643764346565363338323437336265
30613934316234383964663137383062626438653735396664396130613362646166653263353139
64333737653361323135383733393536396562653530326635613963306232643962633939363233
33666438343136303236656137333339343166343137323030663562363831343764323438333739
64663337386663653638396364343232613532646230306533623036623436363834653661353034
37393166623665633764326465613931326266373863616235353562656632663336303661333235
66336439626134306434626438356134613866383833663064613734303030313166643535313935
65396136663935326333613765306637326561303437613665306534623834326339636632346265
61363237396164333030396235353035363139663532656635643333626166323231363835383562
33636362373562643661623662366635303036336432383836393739653332383235623562356336
62626232306232366638313233386335663030323431613562336130643064313339303333383331
35626164353036356561653734653561663637333831386264616662643434393632303935323432
33306366656638393261636331316430653564313161306365303936643166346531383264383338
33643763353535393063623334613537643562636330653939363635623435653364653332363535
37323439303235663564356336663934646461393062646663666130613534343735366530323730
65313331323632393438386138353435613834313833383636333534353634633232663332613437
35653836343438323239653432313333396131343738633739656435366166336130393462366533
65373936623935643565663734626334626137666664326463303565393131393032393631306562
33376639373431373537633131343761613835396661656637363932343162393065663634323666
61303637633232383738306230653662336266613461376636316334326366643238353334353138
66323134323061313064373234363235316231633036333361323535376261383365643738316361
32306237663137633065333663336338333735393063356137393665663662313765366565313665
30626261613463383136363532366363643131643232363538326235393939306665393035353130
32393934333839386263636164333333643737393561613362643732323431623366626130363633
31636439383665356461396566383039303435613236343539613733626365376662313232613534
30633133396162373032643536653530323634633562633465313361326434356461313931353031
63363830363066663165363763353839656331353462666162303265346536623665656530333430
36333933303364613135643463316161363030653835306164623462636634353236393839346665
35386437376663656666336336636138323233313335663635313632346166383762653930633261
39396461343939646439633638373765656636626634633365366635363837383735633765333538
36383863386133343262666363666432393430323063666164316635646232653165383261306661
63663961626662626636323834623332623361643862666438643031306435396564313531663266
62323663383065646633396165363963313366633833626238666363313235316563356331303932
61393763303836626462343563656161333235303430663131633232613430343464303463393162
61336636303066633132663861313566326364386636373936303633633534646333613935653335
31366637656533346661393535656335356261303361336139396662666534646338393636633064
63383066623437653532353361636666353764663261363130373064313532643739323862633136
38666439633564316461366333653731343039323966623564616663633233316431633833616235
38313636626535333233376163366632383939366237323634323235616130363133346466653435
32646136643063326261663261393137346165383331343538336464386534653035343864653233
39343561646234626434356165396265363231383262383862656661326364303333643862616232
63643437353561646137653963626130613439383562336233356566653634613165313639313734
34646561393738663734303763656464396635353339636430663161353866396330666537613035
30323237626539633362646662666661653039306139633532396437396635343236326133353432
38326565616133663236363666633364383534343766393535333363666562616362626130653561
39346235313336343932636335326438386237646364393035353236663733613537633837336465
66633737376665623965613963623235666565616633346663306464306566363562363563663139
66363932623862373763333262376333306166666561643666333238333364366265303961383837
31653930333061616430376433663335313539346661336235653939653439343335653731316663
37616536363939663330663331646431373461303834646337333632396439333434303266363061
63326239306261346265656130613235613133633632666135393463386537333636616263313237
61383166656330316130343531303733356366303133383233616265343036356466373536356463
31653230613532646364396534623139636130303938653235303139613032373432356435383530
39343033633837303566316330313533393538303835663831303765613561343733653062663637
35303937393066356538313139333164363161663334373937643435336665323965326635393836
63313035383438636539623535613332313033303564613764626433366461303336333563353331
62306131666538383635326132356462613239376136343666656531363733396163363166643430
35376130656366323966393064393039353661663137643234636666393439306532663536333165
62636637353739313063353039366236323864366565356564343634376130653535616238613863
65363930343033326532323531396565313337333665326433363837633562393331623063306435
32646465633266636461316130313963656263633861393237363530333433363962396132363838
31316530643631653531363833303761336161613334366639366330356465363737303764643630
38626235363136666530346364313430346161656134396631323237663032616330396665376639
33653133633362363066323134653566643763393239363465333738333363613135353230356431
62646634656262303733336362623035306537383130393430326639363834333032343632393362
38633737323036323038643862383637666263646237353064656539666132353239633730646537
61333436303735316434656236656331633733663234323064656461666338363630633662323937
62306430633966373530333361653639323831373432306532386265623232356335333564613936
34316234333662323336363631353836633566306433383165373933383231343935383661316433
32393031323836626362303934373236313165323832323536323863323035303732303837636266
30613434643764313161393835646639633838613735636465656465393064356464303463656365
36353262363163656338376634366639646166646363663833356563313932623262316235336432
30373330323335306435643439386363356262666136323232623565356436656136616135623437
36346363623666333930613561323237613130623639383230356363613663336532383336613964
66373966653564373462373161393564613939636363636136323064333063646562656638343433
35383263643564656263626234383036303466613439643335356436333761616634353733643866
36356263663534303162333462356432646535656331663266353730303166363963303566356131
32623833353233353237383338393835383134623630613838633635346362323438336432626563
64366631353632633362386633303136333832613463356337303832663735336635346564366231
62353766616235623361623333623838306462353232643333656637646363343437393862343965
30343938323665313436613561396662633730343935323634356432643466373738306139386233
65303930386161396263343065356264666163396266363131353930623831333733633139326163
64356363613938366636306134626362623338393131623334633963376635326233393065623631
37346139343437303063653966386662666435326435383463363161343666363232313232306362
30663035343263393132336636336435333237323731386330306639626532376134613039623934
61363863626362636666326565306439326630386265643934353861393265386432393534623765
33666666636361316236663634656531356232623761363436666365653133646361323936373333
31616430353065623265383030383866326332323237643163396437653462343764366366343265
33326233643035393832646531383661326566613335633037303731663561393061663531373362
32653764646537643335653462653166363065303231643362323638383638646335633963333239
63313338333763396332333665643234366439623135376639643831653831333136353038386639
63663961353237353161633733363563653933336264316265363233663331333539616138383534
65333466343437616265623264656465613861623332636533353466366134376234316664346334
32353332643533313730663666633239336239613066326637646335303064323066346137633865
34656532326538663162373835336438613732616630393639613439336139656636326233323063
38383632383238353062626130666262623864656637323062643834386135313331366365393233
39633764386139656166666332383131396539303635383933626363653862383531396463336565
32613863613535626433
