$ANSIBLE_VAULT;1.1;AES256
64666631643332343863306462356632616361333566386166363366623534393238363435343537
6633623033633935303635303066623962356530613465320a343564303433353736366164643837
66353132663434316165346664396231653462303335653833343139343862356166313234373763
3436643137366136350a353039623263346531383538373165343762323536346561633063333865
66316665373333333866646466383935633563323366613763633032363866643563666364313236
65643639616331333831623338636134326466333338343731383161636465613732633363306533
30323664623230323238396532383764653134303833306166636534623838376634336261633936
62653032353665366166376437613037363133346166643032393536316239663637643964613665
65636364383137666263396233323564353237343664633930353635346331616430393232333737
37646634626136376330343933663866333933386439376333323661323838373361623262396266
65303437616165333838383932363234316561323432633364636333343261346335303165306639
65343735373165613932323436316636323639653366346638393331336163643233313733376637
30643836363266373330643037613236326465623737623330343735303230303030313865303233
62333933373562336363623864633861343232626439616235343837373731346635316465363532
66653435306336333864333762666263646130636462393462656666323364306537623863643535
38303265343065323933326465303238316663626239326537666463666461616138303261623435
32373464643637313739366430633233633330313535373739643233353936346135326133656365
36323162313065643333306432636465313039666232643231623638373661303263636539643561
63323163643761303232623531633231393262353965366238663730623635306331356665363731
66613639396430613235343238613134353133393863316563386333323739643364663031663239
30626234633031333263646439336161313264356233353732366637373762306536616635616535
30653963393263353332613130373039646631393665363537653633333538613438323630663461
35373535643332343237353466623461613762393339323162326632396230386539383336666534
61306232646334336462343432396563313863623766363233613732663631333231616439393430
38633736336636613736386139653332393738656235656132663437656131623964653533373764
38646635636137353262363336623863613463346630353465373034623633326237616464646637
34613033646539643932363231643066623432326433363966313836393966663939636361333337
65386630326666303663616538383064653162303065663631653462386365663464633766626432
34326236303864653365333662346333613464623237356136373231323433313738353761323363
34646363333061613261333262633433616266316234633961623462383634353138396430613831
64386464633733383434343334623832386631633062326235303539653732316538663432326137
61326462623531326461303163613534303939363936623164383630623066326136393632396635
38363337323633663839323763303435636534646232396636323365653561383263343763386433
30363739613030386138613665393132373332636262633261366237343937353234633230356338
37386539626334623636616236653466313763346564323630376432396333646234303064613830
32653031373639613266313861336438333130663237633637333862363538666364373531313533
63633434363136663964303662376132616532343135303337326535323964323936303530353463
63636535376431383634643261663731333031646164326433366138613162393566313461666462
30666636363236383936663032653166666665643161656635313639653337343138626331626438
30333937336366363537316132353034363261646362626563356662396530373262633034383130
63396137663062316432653636643533313065646134646533383030366331663264383631653565
66373036643630663437383831366532303036313032386231323963623563656664653236353361
35343334363664393735623464653263623430303537356465356532386563346432386264303935
66666235353439636530376132303565626637356463326461633462336334646536336161373230
66636561353234313437383238363234356332336334653864663962393732643865373831396636
35353839346234396562653263316561316130376664363164353163343761373365326533373962
65373834666434323961666635666338616261323837663465316239653361643732346338653031
34353263333463636231323566323966343530383262646530373437653964663333633864666361
37316461363737373265303234323234383763326631383862636638343032646435633661303562
62396561303261626564333934333865363365316333336231313763323739663933313930623931
36303338356362373232303065303266316439656464366535383261306635313030646530306633
32623237623139383763633331623334643934346563663238653838393734636634616436343931
39303831323464636363626635616136376632623462646637303565653837316337303466616630
31646638313632306339666561323665633839663764613835353165323736333164343538346636
61393364646331333532303730616534383534396366383839613639666663313431393862333761
61663438353439323238623935323366313238383633656637633031303362396132383831363166
30356333636636326564306531393464653061346331326338303132616633313861623765666139
35613937656263663264333537393838313363326638383366386563633730343832346238366632
66653661623166316232326465366264313337353034353762353437366333393632316336353936
38623237306639636439623762656136646664326135666638303063646235636466306439333139
33323238353530363731396631346663343165656336653232383763383334306638353063306234
32313339396631653536333837656263336533616135646638313063316566613164623331623231
35653235346139626530303861316365353531643039383765346436383231393436316136646634
62336234393063363439356561643234356436653934646138633135356632363664666164623933
30323564313963316236353633363266613062356536653837393837393038303432636635316465
61663538653933306561366465343062633834366265356336633535663131663236376665623866
36386361333062613031383937613637306161633233316161636262373131616431323135613233
31346133363561323636303130353434333461393533633737386135363130666332663261326561
6530
