$ANSIBLE_VAULT;1.1;AES256
38326332383139643961373961363939323765396562366638643961363263383063343132633531
3438323061616263396131323061373665353861356139660a386130623961626139353730303633
39333763343564623333386435313236376562636563306230303631326232643938316562333236
3432323265663262630a393032363735373766666137393034346162663535316136303839356431
33613234653433643036343337313463383333666334623665356165326164363962306138353138
35343938306139303734316661653064653965383032376533643566653133656235613735393762
39343537353265363361396535643663313432373138643532653739376339663131613362313866
37313736616533353935346636303136313865616631333864633237613834643839303533353465
37366163343764643261383338336366306138343938653334633065326438633766333762393763
36653461613765313363626664356662313663626532376232383637363230386538356663303532
62623336346436383434613031313238653163396664333930666233663436643162613436636566
63363037646661376436326634386637346533333937633630396661313766333836376531333033
34336564623435316461346336663166646162623134386436386632653863366130623161306637
39323237393562376531636637646238396233393432633763626231323635616537333237313031
64373931623162363764336261336134623763646238323866343837626663396232356133626639
35326162303466363265353166656566353033663331663430343539343266646335323931313139
38643031336563653236633438643261323864633032393631316564636462306262663866623039
31353963383031316532616637323735633864323139653035633137313763653330313937303863
34393236653633613731653065376535366539383935323136373466353938636465356430363830
36616465306164353631623130643761323033333539633866326361383537376137333761356331
65396631643363326164616337363936623638336233613162626439643763323265623937643961
65643764666635646562316630646661376638313231646430626530343439326133376165633038
39646132643939666439613439343838306630663766346334343336306532313437646534353734
62373663653835356664613166333333366233613130303332633133336230363934313533656435
65653937623261613938343338643166333164643332396532306137663231363637633438616562
33333437663765346537323261613266343137376430623966363434633538343663346135343637
62376433616631393831356330613166353235366561366139633566326431396265353166656231
30613931343232396336393332363235366637326434366365643138383037363834626133363132
32653166653439663564336435306238383666646164343138623364306136376534393465653430
66653933306339396635656430393865656264666263313938316231343030653764346533343862
64373661653736316232343266393934393434313966626336313434393939393935663237643962
64316134303932353663326236323039353462306139616161643963376534643536316264633133
66646433393435653931626135366438393036393333373836303761383862306231633733383163
30653863333462626564656231313661376435303035653565313237653264643337643939626265
66383262353963366364316136346563316236653433306131316536623161393430303166633365
35373535356531653536386263323732633461646465333638313762633433333465343062336564
39333036356630623739666530353834613365626264653133316532306637326433316265323236
66656163653235383663626163396365343461326464633463646266353033623663353530333265
62626439666635396234383561653932396131396638306563366338313434336365616231306430
37346637373166366564386535343034633936313633656533366336623064333265653733303262
62366363346634313838343961313233306165633939666631313631633233313438363563636265
34616163316439633332666636373636613766323765356362643337646166613139326265636563
65396338363564653037383637316438393164316261393864386638633262346635626632623663
31316335313334393363303539643031633239653863333836336639636264656333323863663636
37663730343934356365386636336161386663383132393337323464633430383431616237373461
37343734353165326561393966356632316435623063323163353935313838383632376332633530
32623434336364633730656530303762616566323332313266663366633033356132623535646639
64376665656632643934666532636134393766306535346536343034353935613836393539346661
6263
