$ANSIBLE_VAULT;1.1;AES256
63636265613063636630396563333263633731663835393766333465343131363565616530663930
3331303033666631363735313466363637666666306134320a393037383935636531656264303335
36333135316330653261656138653533366235656161613437633664643861383339643138643764
3133303536326331620a386238326530613332353433373636373338613138633566306538633861
34363563373165383737373234663032383532383032616530366665393632333464303536353162
62343330663535303763336164633662633136383236663236383362353230663331373962616237
65323261653735656264363566343963306537646565366432666231326339633866313061316365
63633538396665353264333035383333316165646230336562383066396331663364613733653862
31313163326233396362353963333534343738663761373931383838623364633862646437306239
33326131613831653363326135353265376236386238636336636332316361346261303637656131
33323764623535363961666131633333393535613362323439613666666662366134323638643235
66663563666130303238353762373539616332663736386461366437623430386339633932626534
38396639396637663136363833376666383966643239363561356463626662373238383737656431
32393366666462663536386435656238336466663037383064353937313634303361666430323831
37386666353838643233333534326261333436316537316434633766316639373039313637346531
39643335653236383262303138616461653938323166313738616635653033343064653439306165
36333938613530323836353737333863373262313834326261373235353436666365396635366661
63656332376365633331616130393034366266356562653237613461303334313433646637323430
34623065653733383437393237306564623561353164616665393831323631663266396638666463
66313061316335366332666336643461326338633463316563643937346437303464313562303661
62333037663564663965356666313130623734653764663730643766653532663163656561646465
64613730653235643430336331626364356531343637393334376263623666626433366366343535
39366236303464386262626535653834366136383266653563353839663964643538356234366533
62623432356466666436666139646633616163313361326134633266666339383135346434396334
32353835323765636536643865323231313565653430313939343563663963356464353633343366
36303832373935633961633131646263376531363130383334643666336231316334336337653739
63306162333137633931346563323330306437353433393665356532363839616535333464636335
61393366373331393064353633396164306336303165353765373464316565323965393962363231
64303663663961363461626164646366646136303161363533623632336235656164393465663236
66353665306233656431393236303235303731306462306361653561663765366166373338353339
61623235333564356332373736333134386337353935623133383961656333333065613661356162
34613038333534663662333561613531313564346362613031376665663638376636656633313038
63653138393033616333336336366636373861373334386635363038633534623065313537613964
63363932306563333932653134393839623739363734633934636666623633663338623564323237
62623463383732373463643932306634316266326363633866333662346465386436366135643765
32643531363731623665303561646562653736333931316266656166656166356134663034323738
64616239383737323631396637336262636338386339333563653364303533376135636439323962
66323033623936343634336163646633656434633662666565396465663137313036346664646134
34613361346532363435373238613166333063333265653031343031636262613539356130346662
32633039633461643434323666336639366431626238383039383836663932343261656666343533
38343663663433653632653862316266343839666532306261386634393336623737656166363361
35343561646530366139346431646635393436643363646337623765323064383164353531353933
34366665643532316563633332386563656230656463613334396337393162333533303339333632
61616430393566646333663933333161363031303965396237316436376535343636633036356137
64646362653862616363343363656662393963346366363465363037376433643039393438363561
39383665623438396638653135666239623930326365376231363637633363383464393438393966
31623865383239373839343531626637376637633837366233613963393566393366303262393433
38663238313965616364356237346631663138323863383665333633643731346265613538316666
36663562643930656435623662343666396337393665646462316632333037653937376431366637
65306562623165663266666632373132363061326331346337633939643731613431396135623936
37646232363331323335383464313562306634366632383730326232353533363334313136653638
30633036643965636162
