$ANSIBLE_VAULT;1.1;AES256
64383033366465316366383461373731653863363236616439623664396637343034303564663632
6639306330333862363362393665623238613165393136390a666539636461333966333937653032
66666161663537626361653830336539333532323933633439663838366235366466653035663835
6439623034393761640a333134666632613162626362316661343734653365656263616338376632
34353465323031383838383236623832393164613065346636613533666130633232643138386566
34376561373837653337653230353134326638333039626336306230363636633338623938656431
65663838366139636265393139656462363962613531646536653330326331633830633736396362
66326436663535613065656236366462316163346532323163383664373166386636616139663431
32663134633530356337303733346538366230393439633765303763336363383435656531633235
64616134343739326335393838353765303266653837366332313662666532623134653030353332
36393331303132626531623934633039643364376336326366616230386639383063343931636530
63363632633538353830316161396663376537396262376139303663366462383131643065323766
61326561313865383238323736303766663035616231306433356665633735326438393935666164
31333430666161363132663865316334643933366132303332333036393036333736383563396135
66363836353464626439623765623165666661306235623166303764393336626334356266626336
33383666373463643433626538306636363866613335323334313938303836336262393961326133
64373265633465386131376531656262326266623538383935343065623538376664666331356135
38633766613463346366356466633839303031366433316239333837623566323936353263613163
32363238323631396636303662396439376666663832613236353035616461313664316263313938
61663438306531666562353538376261363939663362333763373066376539653636393131663638
61343066363934386366353834343264316563393836666361353831366165656334366561363833
38663632653434356261613437306663303664633331353664326139616339613935353335356239
36393234393433333164626134636261646239613136393334323232383135303061313763363466
64623832626162313163343262303739363338313033393863366537653536386464303339343962
62613934636639626162373433656430373461363166376235306439613035613835653166343532
36386633666162393862613066383835386532396331653263323034656562653030626635393363
30353137653734376662363361633839343733346661326134343234363939316439343636613234
35666262353062303030643763666264623438363130653838306634333261363532353434616564
35653263313533363038646636343363393238636661626636666165633438333035306661636131
31613537363236666431376235346166663136616435356565363936666134376266306166333439
62613335373233376634393637643139313031383730323331306561313436366661386334396533
66366434666265343065393132636462346135336436323131353436643439316533343130343966
33346238373432376432646530303937626631373763386565373035636562393231316664363030
39363138356530373765343962656632373231316161396538616366333837646263333463326333
61303063633034613632663637336633373830393334636535663434613035656161343039386463
65643865643762303266653832343061653833363937663733616439376234313237333462666634
39343834613435393833373836353064643136636532663238363262306531383634343162363931
36356264386133353063393864336539626431623438383933633030653536386138653266356232
37326132636161663334636239333638303232623465323433373464396232396132633533643837
64383633626433303031333736353164366463383865343462373766396133383662616164326531
31633135653833316136333534306531326538626334643063313536653430303662366332663963
32346432613039363061356332323161663463373135303034333837613661643432616266376633
38633635623761613566623833353865343633633337623533393362353239346330666466353732
36643762633265373233636266663663313166343930393235356665373633383961316238353931
62303830333439613363333939303531353363636533383766373538363130323463373461343336
36313132393138646135653634623261366439653531663064303765613532383766313965643862
64316362306164363031336230336139616663303734613362313432373965343130373533386531
34376134376337646239393436313430613830626637323036336263303230353134376662323965
65343234616463373035373262623261656366333132366662646330313962306237393237376464
65343265316530313035306539343139323933343537663166386232333361323961623931386661
61616366313735376437363234646462366635376164333738313436366637373338346637636239
37646631356632383361656132353933373163353532363966313364326336383131616235653636
63636265383866303635626661326536303139613265626566383761616436613835306262383839
38616534666432383630623166366163613566313337656336623134343338656235323264323334
63363333383265326366353936366237633737633462313563346664303036376263383335306139
38663937353635326663326663383337653237623438636262653232663437646438383035623763
31326466316439623565343661323532376639353462386661343538326433656537383866653666
61653234643934663134393665386236646533386435623135623939333732386630363837336265
34313633633438326637363337303166393464633264373065353237626230636266363236666632
36373036393662336134376666353666646232323932313661393230373962333761303331393131
34373734386664666435313564633832303365646566306532623461633761326332323339636462
61316436636135656430306638373863393931333264386237336532386132393465636364353933
64626531643061383361623037626138663236376364363565396237643762626330343832353638
32653463666462396630623737343631343961393661616636393937313032393666643932363533
65613163303936613132363834323137323634636565366630646663653132373062613936356634
61316631316239623865656462363532366432383439626631336164663262346236616564396362
35386634663564613366313639383166386438633333623635663234326133313336663563316537
35363566666630383431626131613039393435353864633738376238383730313862386434343739
32316337666661363735303436326131306663306661323432623062613639373165353762623030
35343865363764326536376331626635643162303763653135383536363234626563316530633664
65623233663234363538363230636330396564313530636466663330386139643739313133313237
61376631386638666637653963313631393662643032653133353862656635376431636131343730
66633763316166616366396431353930343662643531346364363662333936663631646238303737
39646633373831373463333561303932656537353730373233623639343737366437663830666436
33363238353032663963373432666563613561343437343236623935393732323032303963383630
35626461323635393661633764396230666232396539353163633361653837383535393538613166
36633437386436336135633964316136633533313638633030633763386362303635343735653934
37396636623031316561313764363162303835303139653937303636316230656637336531653166
30316664316230383562363438393334333763623633363863623935306232323966636663346539
39343437643036383438666161646331636130666638326233333131393666356438363036613561
33353163393466356532653931326166623561333338323339626436373636626137323132636533
38626233326433363966366639363463363634313461386535323739346430373039393038383037
32353230646261626634383335393265663662346634633137613036666662646332306431396566
34666133356463653332643733366530313633396134363439396535646163353030653966356562
63633238393764396437393263646231336435383164646338316430373764646237656335363261
31353662303761303139623135386537366665323136303163303661373032393136353932353061
64356265366132653063336631373862376562613461313365333339323731646536323939653565
36663462653531363233626231613065653730653438356632613636376265366365356630343063
66633032643331303334303266393462336265613433616132663462396566306134623361623130
31396133383539366237613732366131623430383034343061656564643561636531663935646365
39626132343239386164643236303434386536366638643432396133373262386238653331343561
36666464383031633538656136336532363730393238316363333261376233323738636231653830
36613065383833623834363565343835633337383233303835316165366464346363396166653266
63626430363930323333303037373836396439343331336663613164326538656539356231643631
39363162353366353963663437633737303931643630383631306366626436343839336636313636
30396130653162376465316536306635343039303538623639666338633437343866316662383032
64333465663931666536303539623931306266373765376462336164396438633863383638316563
38396430383666386335363332313566333464323139646131356633646463326166616164316265
31396164616662353765313465613762653331366139636133643731353033306265653161363066
62623862346362643539613535323836313831623862366336643032356364333637333065376639
32623634633964333735633533653461333738346434386536373666303838306230356236653339
36393333383063646530336137666633643539663432646635633266306438636335643938643031
33363436393933613439623733326437623139663762613766623134313162383331623464653266
62353734383832623164383131303537623439633733373161316561303062316432623438316564
33383534353062613434663363323133613865633864316631336439353865636136383962333733
32396462633064333134633537613031393862366664633330303562666432343232326662613435
31633437303537343131376538393630356566373465616533653166363863656264663939356532
39326461306430383161363530393732643765303066623931323037613461666561613063376232
66373339663363326138363436653162393032396132393034616339333535313438376537663237
37653466386364633165623961616362643530383430643132646436663966643132353739366262
64373538613761356637663361393666363533346166653235633232373039363266616334333534
64386263653564643934633766623634303932633765616163386439306464316364613664343235
63383433396536623535353966623463623238653462653333353531613565313830633638333863
31383635306164666530373336636639366232646534333334633631343765663632386235373364
38656639643866636165633634356664373162373535356363346465303137333631363333663230
32336230373362373936363664323866613434353861616530326634643466653630366135386666
64666234633434326439636237663635663330333461303734643532343461326435623339376431
37393166333532356262336433393832396336303235646136356535613364663363393438303839
33613663363839346134346636646238626539393732366231616430326364383532646135643630
63383432363565653166323766313666623163353864313139633265326639356531363161643563
63353037326161626136353963373838353431653135656665336565366566353036636638396432
66653661343961633138316334373736646632376332313865616232303762353962666234376134
39333136303231333362616634333034396161376432303064343135313936636135366334316236
34366464353034623234646465386137656665623637333231666666396163336238386230366466
38313933303337306339613433386163323138343432363439373865333038306130616365333635
32393435393636333535383861353062666235373564303339623931376162373533633863323961
66303861303265633462396633326434366235356335386364393636646336663739323438343134
38363265663162613737383932626339343934623431393236363839313862396365376639346664
39636661656163633036373038343665393131343338626530393334623232326262343661613562
30343131313263306564336433633137316638383732353739383466313535393862313137373532
38373135306236623664333336373635316636333436633432323236656533313466396663343636
64353031326562333737336530663265643234326432313866626436613234393135666237346132
33323565323331653435343264313264336330663262336363326639323933373933333366616363
37656563653434356464373935636437663439633362613964636666396566393039613431663939
37303632383931356664386134343234326635306466623461333563376533313832323165326333
35373437306565353862313464336366356437653737326663613533666562363364633264633362
35646530626133616161633337623238373038323964316437393534393539643762393034613266
34383465666335636163353537343765666139316464396264393933346331333362363531383833
63316565326162663462653462356666636334343765333364383832376262343436343635666435
37656339333962323163313164613132383436386162396364343761376638643862656166623433
33653436613636336561303565383765626164343663663835633963623035306636616162353830
65323134313637636463306530636238356666623637343336623964666130373730383265373861
61643565303764313336663336386534316536623331356338323137663831346531626639623231
35386264383133363163343136613361346562623565386637336132346662623339626661646261
61666638346138646565626430393735623865653562613733363562616331393564343164623263
36306138653633616631323139343933643930383632646138393666353465353234386432666134
64316364656664656162333633333531643466366166643161323365376335633762363435626537
63613437613366636366653633343734353261363865396462353764326364653234386563653336
64616361633966353336636132613566376338323064363765333030303835666436373631323134
3031323737646437383331343338623265383736346536643139
