$ANSIBLE_VAULT;1.1;AES256
36633835643239323832393736333934623038346637363539386664353764396138323632666233
6464336262376137346635646437386666653036656533340a376163333437326531366235616137
35313532646130626438376430393464306330643464326361383565326161396266383739303463
6561316261616663310a383531393063346336306665336639323738393839626439663265363539
62356239653832306431646664353136306439353434636364356666313136386164323934336361
30306561663031363433366336313230306235383932323565616364336438313731633339303833
66323931626236343962666466366239643537303332343930313731353132663034646134393735
34393564623236383231316530396634626539643866373361626164626130303738626238316537
35376534653962643535633238626562393734303663646663623232373737303864373561616631
65613536666361366433366362363234636239613535616330363330396338336566356134653039
34656334303963653639653836346436376539613731373537643966373564383035313639666337
62626231353031353163643538323132646463656561663233633361313834383864613263396335
62393634363435306166653437663235376462343463303566653737633334333333636238353935
63353266343861646237336133666439356531313662363736626565393865366337366238613236
66383338323764386436363663323230613662353536623837396135306161393033663432653063
63623461323964303031643564316232656164626437323830663531333634323261383231346330
64653438366130333831313164376263396437663535343633326238363965393065316661646438
30383165663563373235303866366264633264393236303832336662363132363164313439323838
65663762636535303836326637356132326539303233616132386134363862313836613630623133
66643863613035396362663835383732663036316136303930396439633637393831363362643834
66376138643638623330376362643037366366356135646338333561323961376462653932356237
32313637643631346663633533343837326164306334333364646664626533376331666239653533
32666461333337646131363936373065363961336435373739356164346434663065346131643330
62656236356338623463623264313638363137613735343262643931383362323864316661343834
36653831383364386437323231393930316463323038303561303636666631636365633432346461
64623461666534333165656661656238303164366533363431376335323361643434363461313032
32353631656464313832666337303235616338303265316235343033666365663165373964316638
35646133656465393861633531363036626164383032353235383337306337626336636262323230
61373433613832656664613666633935353635306139353637623233333264666466373262346565
63653165323834363835396337353162396430323434326532633538656439363031363830366566
39373030333963356539336335323631323536646537653564616464643335323631336536363633
35323332336534353164
