$ANSIBLE_VAULT;1.1;AES256
66373439646163366434653462396664396132383835643732373161316537306561626339656134
3733643864663136336134313639386632633539343935610a306163303963646364363763353731
33613962396433376230626636316135656562383736323731646335663637663539303338666631
3739353637636639310a386532323964363136343830353837363538633165383930343865613837
30306337333733636539363538373036363631316436313161666634626439323632353362383738
63363738363638623831616662313035646131633632336131353461306466393734613236393835
61366364313836656362316162393737323038633239326466666230653962306666303236326433
38363937376435643732653837366131666534613764343437613366626432383935396535323537
34626166326238313064653763663733383832303333376431633339643430323762633664616230
65343566366465383764626664383966646130396636373665633334363562306432353565613263
37646535626462343866663964393136346431373837393364363834366536313131393766323862
38633139636631353262356134626332343238303539356536333733353931653462636232343262
6535
