$ANSIBLE_VAULT;1.1;AES256
64616338633635623939383034323031336337353333666533623239643938383737633261376531
3230346339336165376532343230663937316538636362640a646536343865393763636364616666
61313863326164623663333632663062643038303030376634343131313364333131323836656263
6131613632653866340a353230666266636165343665666161313465343334616562393366653737
33636636653037633736376537613033616663386334313830356534303561663833343039323031
35343761393662393239316361336364396237663931306237353938643064666564356231366330
63626564643830633164306130353764613032303964333832623363303035663462343763613130
31343465656562353565643531376161306334303436323233653435363866663437356430386365
39336432343739393965373530313663666339376237653430376465343564396664303735643737
61623732306564353233623032376465366466383035326461333337326530646134376337323134
66363638326230316434346265663230643064653532366234363431393831636634353437303261
31636261633663373739613334383163323633633262623631633830653231373030376562333734
30633230373965643833633164316533323837663462663036663234626339383861656563323239
63666135393761303163663232316338326632353032353038323665633861643566646634396532
34656538363865376634643863386232386538336138313361356138623430643062333337316636
31343765326237623362373230306661633666393138613063346136326562656265663366616237
32363039303266366462636263396139323036623732616234376262656636393534306434626563
32643131396637306636663434323763643964323063366331613333613366316534313930366563
34306662616665383064383562336566386637613334643733636339643132626133376335383166
61346639343635623964303565363235313632333033623264373463383731626536366263643233
62333461613930353633333532363636613438636232356335306537633563623531383732386633
33616433326364616237343035643039666463613637353931643062643764663630353065633433
34366265373038626664343938616265303739646264366539373466346631313938303636626138
39366165363631626134303166666161646363306631363138363234356331623833343362343638
39336631313565303330376534646162376363353632396661383666323464666534306163383865
39616238346463376163396139613366383232376665333739306137356235616139373532646438
31666438626266363561376366316264613136633834373961376433643063303863343637656531
62623366373762393135393864323534303935376439613035346339323963383866616430653838
34346336396333633930356263353836313735353535303730326363326332303632353662333131
32653964616132383138356433376539333233646139613339666334303565383635646534626339
34333233636435613662356163323634613239323832396237636439663030363061313037663736
36623839643933646234653834393862336662306166326566666633653866383639323162653062
33393866373565663232366465353565313133663737386634376262333462336563616363636631
66393636306633363266396234346462323462313665386532626532333963653234343764316130
30333762633364626430313161653735376661346536646332326564646231323961353163303261
66373739326538633236393636393665383232386561616464353065643930643931666465333330
34336364643639613031356164343231373038393634376436393861656565306130376535333330
64326437646261383566343638633439393364663439373763633937646631636263313733343365
31343338633534663335363135353566343864386464353634383635326462363630323165636133
32643330373930343633313832613837646539356261656332383738663664313666303066386463
32666361306637613836313531306162363730316366653764306536636239633232613566623762
39333733663033323338333939396534366661356561666638313863666361653332343630613533
39366235353966353637323738343830646339366630663430333338366538666139316230643365
66343136653666393466366439333334633832623039336562363063346535346238366333353866
66326634333261346330326434633534666336333964393935363035366536646163613033636663
34643032623736303536376563303438333638336162666435316331616538373332353534393063
31333732666630343163626532326666646437306161316661356666363832616466346363383231
30623033616266303330636366366635323261303132383339613935656463326261373930306135
31623437333063313863366666333164313063343038383465366261323231336635303337666166
38396366383631366366373334656661336437633037626162306264623665383836343234316136
61616239326366336464636539333765653662613832373566376133633234396362653630346430
37363430333833333261356365623966336638336666353261643330303561373236323461616330
62636237623764373138346466663131623837656133336261326265396330323730386230633236
37303263376339646533393332653337373161343837666262333834383665313264326236346261
64306234383032353931343861306434353939656465373562366165376262646332363031626166
34633136656134643036613862346336646339656162663437626532663366376235376662666633
30303566613531356339393030326163626566616466663964643433663864613133646337613863
61356232376661623064316165396462373161633638663332316530353230313965356335353334
31356337643566386366396131396536383738636636393365363866306639636332653530396135
39643062333633363961323534646535366333643264633936653764303433356337626663653335
64323433316137323734613132643531303766313465303634343064643031613962643564666463
39396634373861346638326435386532333033376636396238663965613232396435653663613035
64343039616662373334633031643733656164666337333436386230393262393635636565653532
37623931316265313739343932373732333933366537616566303634336335633739316461646465
66343032663962393237306533316433643635353635326663383031663038616136663036373666
33363531323535366636303538333730303166366639383338623538303065333433326565353734
39623532646535646239366262303332383461323566623064623431333533303239373930633732
66653230363262346539316331323236663331643532363539363962303962386236383839323363
62333835356435613964313333623364333632333662383535346132643864623963303938373431
38373031356638386633353934613739343433376262316636323333373135383132363330383631
62303462656466353439366538396535343361343838336536643631623065656235383630366539
61653132383337666262323236316464383762313030373832383031633836323538383864306230
61393036383737346130616130303637623864633034326435623032393632346439623939616330
38353835663735393438326261663964346161373935396130323132303265613465366266396636
34353134333663646334393732373838326662306536373135666165666135346166376264313538
36653738353263326164303961383536616562653566303032613433646461636166633036666362
35346431633035383365333363613534336466326461633739366333386636333465343330393636
31303438343061336235636638623831353564353062313164303633376133656363303933396439
65393531323564646239393831333333633761316531353938653763333436613932356234333662
31376234386438643263663934303466386564346438396162643637323066323765666533623137
37343565303032343262656233303963653337396136383836626566343333666136636462373337
63633531303464356262623364653032393963613233303566316334343239626637616638643834
32323937323665353930363534316634386361383635663433376665333866303332313264316666
34393834646237616139303066326234643163636430343134666539353630323361383130366232
39653238643633323637313761383362356437326131323766633537633330613031376465643864
65353033646265616639653537656562346338353130626665346132626438636561643563656234
61653863333439313065636439306663393438326366346436663533316464363030333666343336
63303237396133643430663734353662306262626134616230623363646662343063346661653263
30303238383430333662373833393636613138373335633532633665313163393931353466333436
36343664653539613234633064636462636565376365356436653363303237303236313239313638
65656234343861376138343737323765663236306630316530376435383566656437373764373130
36376639616563333737626663626566386232663964356235323063386539616662396334613034
39633936353132666466363461656539363262626431343834643263323963653138373866356632
61656131623865623332363333346533663136343532376633616539313238323162313737373662
61633538343862363561663361323631343262323130353365373433346363393462616532333831
61363464303966613130373239393332623138646330656361643261323665333061363039356562
65363732366563396231326661356630353337333431633639383664666637323631616262353533
3038656631383366623963393137343033643938656463326462
