$ANSIBLE_VAULT;1.1;AES256
62343335316431666233663365633334646536323334386162366234386162343832616633653632
3235373761373731316433313139383838306462323634350a636231653864383863306263656535
32613134636231646263393661303733343362626131323131393239333739383061353536373132
3264653237646363640a393430393865333436613934393161393766366633613435386536656263
30323436366631316137343436323665303864636238393039623336653462383234636438643538
35333265656263383331313833373634383839653732323937666661613162373663653264333137
64626163333133396364383836383864353664336466613035636430306562663161316335666663
37343834396133636265353863316163663732613364363730313436356530346466646361306635
37353238373866663861303736663566306264396631653461386237656138316561393361363632
34333261393666323333393537323837333566616531353334356361333235373734346661383033
386530333962393362326133643632383134
