$ANSIBLE_VAULT;1.1;AES256
36366332633063386464343935656337333437383738323263646263666661656364356434613966
3864316638336439666334643535316662626238303762380a303662636336323064643138323536
65346330323737303230626232366238623632333664626131323164323430393061626633643430
3538326466386662390a363137663436643734393563613533613533393235663761613762626562
34326638613462383063396564633830613936643631663465613662343830333866633361376238
38373965626539333635363333633962383363616536366336316233346466343232653834613731
37373764346461623831376431616463636638376538396530326538346233316465636437306335
39666239336434656134613638393134316639626635616162393566333832336461386330333237
30353564333862323264303136643833613434396535656233666265306636636335353162383432
62613033613431313036633736303431663665656631333939613865393363343063313463346136
33646238663335386164353431613130323662616132636363386438626666356536636532366336
32336666333861313162343561343162333737613136393666336334326338613233613838616439
38663439633335616436333237333665613632656530363366383661666132643364303336363535
33393839383138393065303166313238306337343636376434656630336632396139663666363330
31393566306239376435633135393735366131363334366563636665613738323834373662623736
66316136373430353033336137623365343335313638386438303166393364366334373335633931
63333062316361626461336364336433656535663664326632623965633865303865613931623535
38643730313537643531386462306166643966316535383535396530306334303839353935326633
63613936343266336235633239363732633964396161396232316264623131613430613734323064
34306265646136656635386330316632613838666536386434613231366233326263643330343166
39336331346166376534633133653536313330353664353464356633653964376630363164316537
62633134643637383037323333643237656330303639313662343635653662653331376166333132
65653334373631373233343933646430373165663836366561333565666631356233323630383237
38646566653534343364353331373065653230303631363530616139303836343738613064346563
31346561653337653633616235653437653930316638366338363831386439636664663566616139
62343130383739643931653061356338346364336364363030633735616631346539366637363338
35373763373133356337613665353266336539333738353233653237303365326438303838373838
30353235653039353165316335326361323466356239373362666330643730313437373634346334
37653734633735613562346232363765366133333464663439633637353764393639666364326433
36343261356437316439626463656532323536626238383539663334323934393166656234636335
62396237373232373938383731366537643433663236636636613032336238633862613264613538
66363466633736633166313333646565363033616562623735616334646139316461366663663161
64363461326638353631333464623139303965363934636537643031666232633734313435373534
65623739666234326633336235363936353434376565336338663635383965643739346564646465
31313230343565313061386238343238393833386135646539643666363066303238613837626162
31336164353162396234336536366231336539663430363836306530353961343236323430366432
30393236643830653739323364653936633164613235326536316537343330316134313763323736
33353536346436306463336163326462333163633962633966373534366163656237343438323636
39386136666266376561636262656332363963663365643731626632616661363738396137313431
66653366303330383064386130633439656462613465393936393837343536383964313831363039
31643837383466396533656430343263393165303131343765333365373434646233353265353533
61326661646335643731303339616464666337353735653437626436636536353431323637303139
31393637626236373435386239613462353732363832646131353066326361383335333331313139
35376463373031623434373330343461623937613465336539396433343232623062303634623035
37363638326234616533393133313630616333656635616264396535316636356662323836343630
35663363386436613532366333336530623136326266306265653764303334356261333265383236
37383165643831366335343036373061313661666435643030636333306134333530636434633336
34306335396135383862366130666338613134373738356662643939613634323631366538386431
63353136643034633539353565396432636162663439636336316132393431663332393233326564
33316563396665643936653265323864636462396634313061316335373662346537383733633839
39623165396265366131303831323633383037306136363164356635373464393037376538366364
35306435653233313065373031623333646435393739393234656332343637323130653962323231
66333232323436383065623739616234373566303237623066636163656431613761343432306539
37393630356334393861353166396237373130376661336633383464363235393530323334303964
32363866356234303863386339333131313036356134336264323332643830633739373934363737
30386631636532353561643461643334616438636332656163373163633331633865333763356663
33383261363130393334373064653762613565363331623661626531663931646139613536646665
35313363366237653439396430353232343163393366646531313235373434343139623339656539
31333766396334376639383834373239396162663030363064626565396264616431626665336535
36303162656561626264343264326334313862373330353261646663363966626136626533333464
33646332643636366337353239336466363133373234353233356164343837663765393638306130
31316164396362376132623462353536373962323933323638316163623066336635306563653163
39643135383161646439316566656230613666373063366434613733393039376665616236613966
62383038626563383634653037653634663464623863366636383333356638613862313537386535
65363630653465326138636165623263336163653839613034393362643632313863666361306566
61306438656562373238363335623836396435613765323161316639363833326634316239623161
33626530623761653561656336353437613234383234653131663534623036666633313739623036
37333036656238356361353462633338613165353634663462303836303733626263393134626233
66613936643631386365343261373865643934333863656262386463343939353834323932323134
30396165633530623635376162353361326264353365666561383065363262616665613531326261
63363730613766646534353737633235363263363864616465393637363235386631393763373935
36303536343936316233653631663161366537646632353238313562393461653064643165626431
30373463623330376538636364623233313138626263653439316530373838326634636638643364
30333132343663366632663634346466663634636265343630656132623261386531383336356563
39396163643931333630643162636162643861313234353438313763336561613035653231393735
33393864323431303035336364663934333736333364373165626333323130323563326265663138
38666663613235363332333739653132616336326639653139623831613862666430626666653238
65353462633631396664346634326137326235343062336139343934313031616663646438366333
30636336336362616237363163396635333031353436653635366465343562353734653962663564
65383065386161643861383033326466323339353433643430363831613230356435373564363564
30393531343031666661306230653830646662363462303939306665613235376665343230303238
39616239376464643237613532643763616264346231356166373662626430636463643239343837
35613236663232373861356339396163616138323163613934343263366361366131623061323230
32393965636561306332373263343863353735323436353033336133313662373438343039333333
33333034306632386339663133383865656135653166373562336264636264323566356338626662
64616334653635626531343265376137323961333630396665323431366535653038323633353639
64663836303532636232656335303433336665636237623930306133306134393662313735346265
30666536303166303430313562333335323163316635616235643330373930346263613137343537
62383835333162376363303766623133336265666335363535643438313039323065346632666661
64663835623934383936643763656134346332656466396366626564663330373333633931626530
66636230613164653764313362653335383635646634333463626530336236376231393231373332
34626433363737393731
