$ANSIBLE_VAULT;1.1;AES256
61353265376638303833666337656132626436383130336133643066346564666166663039323661
3864343935666435386238353938306532623630383137360a333334323834346538653466656533
33303466663534373738326137346162623133643463313632333338633061396338383336386338
3636396366323761630a343264333863653961303435613033633031393361316533616539643837
35316266303232363235646361643238633162623261623663623833626364323738343130626366
62653162653735616539316135613738346135356465643031326361336231376437316530656630
33616261313631613666666532636435663238653131666435373264383839303231376638376138
37663661383536613637383137373161643465353162343833633362303565326665636332656238
39613835633266653762373061646431623166646236653634623561363732393734316164393236
33633831383836383465626433373334643735326161626263393561383564663832386439336132
35386463623132613565393463383636356133653436383735336134326162326638656336346337
64333938623266353737
