$ANSIBLE_VAULT;1.1;AES256
38313034613865393039303264356237666130646464363730386335386665636430393034623638
3061306336303737393534393439353531616561353938300a303936383466653334613964393731
36386532343364343331623934623039663965396439353863356530643966373534363861653132
6431383631613139320a363935623534343331643538333233653336623966663564393965363463
39356161396166386138386264663462393233303439386462653431623536376434633438343462
31333035663737353866646632663865656638633866653764663338313036376365393137613730
64626531393566666662356338653730626336393531386465653835623039356638373365313135
61616534666535653663613464633030333336666336643466313332333930373864616635633633
34663237343961396261653035326432353963373862313731623963346564383535623739336164
66616264666130653531343331383836343834313763376466653165646235353335346161343966
623432306261613961663662373137333330
